{
    "w": 2048,
    "h": 2048,
    "k1": 0,
    "k2": 0,
    "p1": 0,
    "p2": 0,
    "fl_x": 7778.052211430555,
    "fl_y": 7778.052211430555,
    "cx": 1024.0,
    "cy": 1024.0,
    "frames": [
        {
            "file_path": "images/frame_0000.jpg",
            "transform_matrix": [
                [
                    -1.0,
                    -5.9281021436554326e-18,
                    -2.713044073693313e-18,
                    -2.127080733771436e-10
                ],
                [
                    2.2809440225571852e-17,
                    0.9856361161593638,
                    -0.1688829373331867,
                    369.1914239830238
                ],
                [
                    -4.790133056249013e-17,
                    -0.16888293733318663,
                    -0.9856361161593638,
                    2186.9892925796175
                ],
                [
                    0.0,
                    0.0,
                    0.0,
                    1.0
                ]
            ],
            "frame_id": 0
        },
        {
            "file_path": "images/frame_0001.jpg",
            "transform_matrix": [
                [
                    -0.9924551070018882,
                    -0.1208412024943246,
                    0.020742814794434225,
                    -46.14289914627881
                ],
                [
                    -0.12260856652722596,
                    0.9781493115303307,
                    -0.1679019468823361,
                    367.0368278534089
                ],
                [
                    -9.684797734840958e-08,
                    -0.16917839144661934,
                    -0.9855854462539132,
                    2186.989250575739
                ],
                [
                    0.0,
                    0.0,
                    0.0,
                    1.0
                ]
            ],
            "frame_id": 1
        },
        {
            "file_path": "images/frame_0002.jpg",
            "transform_matrix": [
                [
                    -0.9722218637085238,
                    -0.23066274314396049,
                    0.039740994607932525,
                    -88.41421795868729
                ],
                [
                    -0.2340612050876656,
                    0.9581057797880225,
                    -0.16507170263160031,
                    360.80404917408384
                ],
                [
                    -1.8488393566248983e-07,
                    -0.16978814346734886,
                    -0.9854805864845219,
                    2186.989161846052
                ],
                [
                    0.0,
                    0.0,
                    0.0,
                    1.0
                ]
            ],
            "frame_id": 2
        },
        {
            "file_path": "images/frame_0003.jpg",
            "transform_matrix": [
                [
                    -0.9416345191938275,
                    -0.3317084549719124,
                    0.05739279713305528,
                    -127.70091184935166
                ],
                [
                    -0.336636944292421,
                    0.9278487763743765,
                    -0.160537272675331,
                    350.7985110984811
                ],
                [
                    -2.6590806951199204e-07,
                    -0.17048797341959027,
                    -0.9853597571035719,
                    2186.9890567562175
                ],
                [
                    0.0,
                    0.0,
                    0.0,
                    1.0
                ]
            ],
            "frame_id": 3
        },
        {
            "file_path": "images/frame_0004.jpg",
            "transform_matrix": [
                [
                    -0.9022370092584906,
                    -0.4248773590469928,
                    0.07380791890811478,
                    -164.24428829112398
                ],
                [
                    -0.4312405119236573,
                    0.888924220775401,
                    -0.15441939837555357,
                    337.2784578366195
                ],
                [
                    -3.406350192760922e-07,
                    -0.17115186089581025,
                    -0.9852446602300288,
                    2186.9889526912725
                ],
                [
                    0.0,
                    0.0,
                    0.0,
                    1.0
                ]
            ],
            "frame_id": 4
        },
        {
            "file_path": "images/frame_0005.jpg",
            "transform_matrix": [
                [
                    -0.8550804566456165,
                    -0.510795035704625,
                    0.08902721023504441,
                    -198.1309322442099
                ],
                [
                    -0.5184953352370262,
                    0.8423815857569765,
                    -0.14681911086437316,
                    320.4623918688627
                ],
                [
                    -4.09557227715628e-07,
                    -0.17170234557824807,
                    -0.9851488742940124,
                    2186.988860643206
                ],
                [
                    0.0,
                    0.0,
                    0.0,
                    1.0
                ]
            ],
            "frame_id": 5
        },
        {
            "file_path": "images/frame_0006.jpg",
            "transform_matrix": [
                [
                    -0.8008571167174053,
                    -0.5899210346950144,
                    0.10305848547037438,
                    -229.37348607619714
                ],
                [
                    -0.5988554738856948,
                    0.7889091123714639,
                    -0.13782065815547595,
                    300.53448625834994
                ],
                [
                    -4.730333541670797e-07,
                    -0.1720917930687927,
                    -0.9850809178733206,
                    2186.988787608997
                ],
                [
                    0.0,
                    0.0,
                    0.0,
                    1.0
                ]
            ],
            "frame_id": 6
        },
        {
            "file_path": "images/frame_0007.jpg",
            "transform_matrix": [
                [
                    -0.7399839795431571,
                    -0.6625658643425235,
                    0.11588867687361548,
                    -257.9383591358694
                ],
                [
                    -0.6726244940672249,
                    0.7289181718325745,
                    -0.12749348513970163,
                    277.6483209513581
                ],
                [
                    -5.313031845915031e-07,
                    -0.17229269914973844,
                    -0.9850457988435947,
                    2186.9887378065705
                ],
                [
                    0.0,
                    0.0,
                    0.0,
                    1.0
                ]
            ],
            "frame_id": 7
        },
        {
            "file_path": "images/frame_0008.jpg",
            "transform_matrix": [
                [
                    -0.6726576766501529,
                    -0.728888358130811,
                    0.12748886784731098,
                    -283.75738045711194
                ],
                [
                    -0.739953816155628,
                    0.6625987183463589,
                    -0.11589343554527026,
                    251.92907828648958
                ],
                [
                    -5.844863255947491e-07,
                    -0.17229248337386402,
                    -0.9850458365845344,
                    2186.9887133109414
                ],
                [
                    0.0,
                    0.0,
                    0.0,
                    1.0
                ]
            ],
            "frame_id": 8
        },
        {
            "file_path": "images/frame_0009.jpg",
            "transform_matrix": [
                [
                    -0.5988898973807881,
                    -0.7888837269951905,
                    0.1378163854460243,
                    -306.7328130140998
                ],
                [
                    -0.8008313747692639,
                    0.5899551616617426,
                    -0.10306316710560737,
                    223.47408878766998
                ],
                [
                    -6.325732466319743e-07,
                    -0.17209117499408655,
                    -0.9850810258495261,
                    2186.9887143401565
                ],
                [
                    0.0,
                    0.0,
                    0.0,
                    1.0
                ]
            ],
            "frame_id": 9
        },
        {
            "file_path": "images/frame_0010.jpg",
            "transform_matrix": [
                [
                    -0.5185289531657447,
                    -0.8423615451213272,
                    0.1468153671440672,
                    -326.73895310969556
                ],
                [
                    -0.855060070830337,
                    0.510828397966512,
                    -0.08903158485945296,
                    192.35123778191564
                ],
                [
                    -6.75408259831474e-07,
                    -0.17170141272504733,
                    -0.9851490368811039,
                    2186.9887392567125
                ],
                [
                    0.0,
                    0.0,
                    0.0,
                    1.0
                ]
            ],
            "frame_id": 10
        },
        {
            "file_path": "images/frame_0011.jpg",
            "transform_matrix": [
                [
                    -0.43127113758615293,
                    -0.8889098930980239,
                    0.154416345759138,
                    -343.62158228222654
                ],
                [
                    -0.9022223705299254,
                    0.4249077780629257,
                    -0.07381174877341543,
                    158.59397044817672
                ],
                [
                    -7.126615569452285e-07,
                    -0.1711507583801123,
                    -0.9852448517528041,
                    2186.9887842773887
                ],
                [
                    0.0,
                    0.0,
                    0.0,
                    1.0
                ]
            ],
            "frame_id": 11
        },
        {
            "file_path": "images/frame_0012.jpg",
            "transform_matrix": [
                [
                    -0.33666240469201897,
                    -0.9278399235779683,
                    0.16053504751865624,
                    -357.19576297380365
                ],
                [
                    -0.9416254166421135,
                    0.331733767086161,
                    -0.05739584051471573,
                    122.18968381462446
                ],
                [
                    -7.437858525352829e-07,
                    -0.17048690269242003,
                    -0.9853599423610603,
                    2186.988842830744
                ],
                [
                    0.0,
                    0.0,
                    0.0,
                    1.0
                ]
            ],
            "frame_id": 12
        },
        {
            "file_path": "images/frame_0013.jpg",
            "transform_matrix": [
                [
                    -0.23407952715574626,
                    -0.9581015259312101,
                    0.16507041217259133,
                    -367.24208762182593
                ],
                [
                    -0.9722174525104724,
                    0.2306809880508981,
                    -0.03974300927092611,
                    83.05212301829715
                ],
                [
                    -7.679503699324862e-07,
                    -0.16978736042517525,
                    -0.9854807213940119,
                    2186.988904323496
                ],
                [
                    0.0,
                    0.0,
                    0.0,
                    1.0
                ]
            ],
            "frame_id": 13
        },
        {
            "file_path": "images/frame_0014.jpg",
            "transform_matrix": [
                [
                    -0.12261819715742593,
                    -0.9781481524252765,
                    0.16790166655778255,
                    -373.5012465949055
                ],
                [
                    -0.9924539171796584,
                    0.12085084612172424,
                    -0.020743559637035898,
                    40.940908426519854
                ],
                [
                    -7.839350654886453e-07,
                    -0.16917820456158503,
                    -0.9855854783329064,
                    2186.98895168689
                ],
                [
                    0.0,
                    0.0,
                    0.0,
                    1.0
                ]
            ],
            "frame_id": 14
        },
        {
            "file_path": "images/frame_0015.jpg",
            "transform_matrix": [
                [
                    1.601952522472397e-12,
                    -0.9856359827591227,
                    0.16888371588302406,
                    -375.66657989431377
                ],
                [
                    -0.999999999999688,
                    1.3339893928183992e-07,
                    7.785498794076098e-07,
                    -5.027532081503296
                ],
                [
                    -7.898956840739072e-07,
                    -0.1688837158829714,
                    -0.9856359827588151,
                    2186.988954431712
                ],
                [
                    0.0,
                    0.0,
                    0.0,
                    1.0
                ]
            ],
            "frame_id": 15
        },
        {
            "file_path": "images/frame_0016.jpg",
            "transform_matrix": [
                [
                    0.12261115214653998,
                    -0.9781486866043377,
                    0.1679036993740966,
                    -373.5058742932854
                ],
                [
                    -0.9924547875690274,
                    -0.1208435954069684,
                    0.020744157742204266,
                    -50.99386042434685
                ],
                [
                    -7.839357536886821e-07,
                    -0.1691802953754541,
                    -0.9855851194372099,
                    2186.988878813877
                ],
                [
                    0.0,
                    0.0,
                    0.0,
                    1.0
                ]
            ],
            "frame_id": 16
        },
        {
            "file_path": "images/frame_0017.jpg",
            "transform_matrix": [
                [
                    0.234065162473662,
                    -0.9581043741590993,
                    0.16507424975864327,
                    -367.25080618192266
                ],
                [
                    -0.9722209109639582,
                    -0.23066642887812974,
                    0.039742909720127326,
                    -93.10355885610443
                ],
                [
                    -7.679531015583329e-07,
                    -0.16979106809785768,
                    -0.9854800825960914,
                    2186.988764728712
                ],
                [
                    0.0,
                    0.0,
                    0.0,
                    1.0
                ]
            ],
            "frame_id": 17
        },
        {
            "file_path": "images/frame_0018.jpg",
            "transform_matrix": [
                [
                    0.3366412801051371,
                    -0.9278466534506594,
                    0.16054045038427828,
                    -357.2080111720059
                ],
                [
                    -0.9416329691172787,
                    -0.3317124278701748,
                    0.05739526694643713,
                    -132.24010571376073
                ],
                [
                    -7.437918185663327e-07,
                    -0.17049179709559775,
                    -0.9853590955192735,
                    2186.988641266598
                ],
                [
                    0.0,
                    0.0,
                    0.0,
                    1.0
                ]
            ],
            "frame_id": 18
        },
        {
            "file_path": "images/frame_0019.jpg",
            "transform_matrix": [
                [
                    0.43124446035468034,
                    -0.8889216716268906,
                    0.15442304596612075,
                    -343.636736863994
                ],
                [
                    -0.9022351220235735,
                    -0.424880848952327,
                    0.07381089879318227,
                    -168.64381466679708
                ],
                [
                    -7.126716293271065e-07,
                    -0.17115643693885466,
                    -0.9852438652911715,
                    2186.9885251130154
                ],
                [
                    0.0,
                    0.0,
                    0.0,
                    1.0
                ]
            ],
            "frame_id": 19
        },
        {
            "file_path": "images/frame_0020.jpg",
            "transform_matrix": [
                [
                    0.5184983732408659,
                    -0.8423790256074972,
                    0.14682307094983144,
                    -326.75633621812403
                ],
                [
                    -0.8550786144829724,
                    -0.5107975232413301,
                    0.08903063127038473,
                    -202.4008790503309
                ],
                [
                    -6.754229071880616e-07,
                    -0.17170750556421888,
                    -0.9851479749420681,
                    2186.9884267231173
                ],
                [
                    0.0,
                    0.0,
                    0.0,
                    1.0
                ]
            ],
            "frame_id": 20
        },
        {
            "file_path": "images/frame_0021.jpg",
            "transform_matrix": [
                [
                    0.5988573184368765,
                    -0.7889069923722754,
                    0.1378247783989671,
                    -306.7517050318594
                ],
                [
                    -0.8008557374172913,
                    -0.5899222481745179,
                    0.10306225766268319,
                    -233.52384158231916
                ],
                [
                    -6.325924904820571e-07,
                    -0.17209735179500443,
                    -0.9850799467580013,
                    2186.9883526419458
                ],
                [
                    0.0,
                    0.0,
                    0.0,
                    1.0
                ]
            ],
            "frame_id": 21
        },
        {
            "file_path": "images/frame_0022.jpg",
            "transform_matrix": [
                [
                    0.6726250840665695,
                    -0.7289169040799718,
                    0.12749762049116795,
                    -283.77703388551834
                ],
                [
                    -0.7399834432499818,
                    -0.6625657609593018,
                    0.11589269226453713,
                    -261.9791972547157
                ],
                [
                    -5.845097281958503e-07,
                    -0.1722984600943692,
                    -0.985044791189095,
                    2186.9883067029537
                ],
                [
                    0.0,
                    0.0,
                    0.0,
                    1.0
                ]
            ],
            "frame_id": 22
        },
        {
            "file_path": "images/frame_0023.jpg",
            "transform_matrix": [
                [
                    0.7399532819557822,
                    -0.6625986126184962,
                    0.11589745070065378,
                    -257.9580125639663
                ],
                [
                    -0.6726582642936785,
                    -0.7288870924585027,
                    0.1274930034347219,
                    -287.69900103261637
                ],
                [
                    -5.313298598176591e-07,
                    -0.17229824434228633,
                    -0.9850448289272338,
                    2186.9882906429248
                ],
                [
                    0.0,
                    0.0,
                    0.0,
                    1.0
                ]
            ],
            "frame_id": 23
        },
        {
            "file_path": "images/frame_0024.jpg",
            "transform_matrix": [
                [
                    0.8008299971552315,
                    -0.5899563727322963,
                    0.10306693906827821,
                    -229.39237809374032
                ],
                [
                    -0.59889173951235,
                    -0.7888816086680184,
                    0.1378205059097941,
                    -310.58586266357383
                ],
                [
                    -4.7306200018523777e-07,
                    -0.1720967337804875,
                    -0.9850800547274646,
                    2186.988304386415
                ],
                [
                    0.0,
                    0.0,
                    0.0,
                    1.0
                ]
            ],
            "frame_id": 24
        },
        {
            "file_path": "images/frame_0025.jpg",
            "transform_matrix": [
                [
                    0.8550582298809591,
                    -0.5108308832432744,
                    0.08903500568729687,
                    -198.1483153523049
                ],
                [
                    -0.5185319889000803,
                    -0.8423589861686431,
                    0.14681932743430795,
                    -330.51453980849556
                ],
                [
                    -4.095861802639776e-07,
                    -0.17170657280905632,
                    -0.9851481375173992,
                    2186.988346049309
                ],
                [
                    0.0,
                    0.0,
                    0.0,
                    1.0
                ]
            ],
            "frame_id": 25
        },
        {
            "file_path": "images/frame_0026.jpg",
            "transform_matrix": [
                [
                    0.9022204840504933,
                    -0.4249112660531984,
                    0.07381472848125865,
                    -164.25944287290963
                ],
                [
                    -0.43127508409317816,
                    -0.8889073446868152,
                    0.1544199935314652,
                    -347.3313918784403
                ],
                [
                    -3.4066232768888343e-07,
                    -0.17115533454410248,
                    -0.9852440567986088,
                    2186.988411645698
                ],
                [
                    0.0,
                    0.0,
                    0.0,
                    1.0
                ]
            ],
            "frame_id": 26
        },
        {
            "file_path": "images/frame_0027.jpg",
            "transform_matrix": [
                [
                    0.9416238669514243,
                    -0.3317377385456109,
                    0.057398310184972386,
                    -127.71316004746296
                ],
                [
                    -0.3366667390571508,
                    -0.9278378010223922,
                    0.16053822537500587,
                    -360.85218379251523
                ],
                [
                    -2.659316040771158e-07,
                    -0.17049072648849767,
                    -0.9853592807607557,
                    2186.9884944589794
                ],
                [
                    0.0,
                    0.0,
                    0.0,
                    1.0
                ]
            ],
            "frame_id": 27
        },
        {
            "file_path": "images/frame_0028.jpg",
            "transform_matrix": [
                [
                    0.9722164999053076,
                    -0.2306846728886464,
                    0.03974492428136628,
                    -88.42293651895221
                ],
                [
                    -0.23408348363743892,
                    -0.9581001204274895,
                    0.16507295939974917,
                    -370.85834835317826
                ],
                [
                    -1.8490153345774404e-07,
                    -0.1697902851493234,
                    -0.9854802174924048,
                    2186.988583832818
                ],
                [
                    0.0,
                    0.0,
                    0.0,
                    1.0
                ]
            ],
            "frame_id": 28
        },
        {
            "file_path": "images/frame_0029.jpg",
            "transform_matrix": [
                [
                    0.9924535977713331,
                    -0.12085323863967455,
                    0.020744902531433376,
                    -46.147526844728475
                ],
                [
                    -0.12262078237691773,
                    -0.9781475275145248,
                    0.16790341910304982,
                    -377.09157089818666
                ],
                [
                    -9.685762680589424e-08,
                    -0.1691801085456671,
                    -0.9855851515077055,
                    2186.9886627779374
                ],
                [
                    0.0,
                    0.0,
                    0.0,
                    1.0
                ]
            ],
            "frame_id": 29
        },
        {
            "file_path": "images/frame_0030.jpg",
            "transform_matrix": [
                [
                    1.0,
                    -8.67745304913739e-17,
                    -3.3106264913231135e-17,
                    -8.674305718159303e-11
                ],
                [
                    -9.642272924425736e-17,
                    -0.9856358493585471,
                    0.1688844944311211,
                    -379.24634240338264
                ],
                [
                    -1.5487472923211746e-17,
                    -0.16888449443112116,
                    -0.985635849358547,
                    2186.988701399634
                ],
                [
                    0.0,
                    0.0,
                    0.0,
                    1.0
                ]
            ],
            "frame_id": 30
        },
        {
            "file_path": "images/frame_0031.jpg",
            "transform_matrix": [
                [
                    0.9924535977713332,
                    0.12085323863972808,
                    -0.020744902531113614,
                    46.147526844379286
                ],
                [
                    0.12262078237691637,
                    -0.978147527514969,
                    0.16790341910046333,
                    -377.0915708977078
                ],
                [
                    9.685762674064569e-08,
                    -0.1691801085430608,
                    -0.9855851515081531,
                    2186.9886627773817
                ],
                [
                    0.0,
                    0.0,
                    0.0,
                    1.0
                ]
            ],
            "frame_id": 31
        },
        {
            "file_path": "images/frame_0032.jpg",
            "transform_matrix": [
                [
                    0.972216499905955,
                    0.23068467288604058,
                    -0.039744924280645806,
                    88.42293651754937
                ],
                [
                    0.23408348363474862,
                    -0.9581001204283164,
                    0.16507295939876349,
                    -370.85834835279786
                ],
                [
                    1.8490153340367554e-07,
                    -0.16979028514819652,
                    -0.9854802174925987,
                    2186.988583832376
                ],
                [
                    0.0,
                    0.0,
                    0.0,
                    1.0
                ]
            ],
            "frame_id": 32
        },
        {
            "file_path": "images/frame_0033.jpg",
            "transform_matrix": [
                [
                    0.9416238669514241,
                    0.3317377385455842,
                    -0.057398310185130676,
                    127.71316004700844
                ],
                [
                    0.3366667390571514,
                    -0.9278378010223153,
                    0.16053822537544843,
                    -360.8521837928597
                ],
                [
                    2.6593160418107076e-07,
                    -0.17049072648896776,
                    -0.9853592807606741,
                    2186.9884944593796
                ],
                [
                    0.0,
                    0.0,
                    0.0,
                    1.0
                ]
            ],
            "frame_id": 33
        },
        {
            "file_path": "images/frame_0034.jpg",
            "transform_matrix": [
                [
                    0.9022204840504937,
                    0.424911266053147,
                    -0.07381472848155425,
                    164.25944287255163
                ],
                [
                    0.4312750840931781,
                    -0.8889073446867082,
                    0.15441999353208374,
                    -347.3313918783259
                ],
                [
                    3.406623276164391e-07,
                    -0.17115533454478782,
                    -0.9852440567984899,
                    2186.988411645565
                ],
                [
                    0.0,
                    0.0,
                    0.0,
                    1.0
                ]
            ],
            "frame_id": 34
        },
        {
            "file_path": "images/frame_0035.jpg",
            "transform_matrix": [
                [
                    0.8550582298842031,
                    0.5108308832379391,
                    -0.08903500568675567,
                    198.1483153510868
                ],
                [
                    0.5185319888947314,
                    -0.8423589861717307,
                    0.1468193274354867,
                    -330.5145398115675
                ],
                [
                    4.095861802221192e-07,
                    -0.17170657280978358,
                    -0.9851481375172727,
                    2186.9883460493083
                ],
                [
                    0.0,
                    0.0,
                    0.0,
                    1.0
                ]
            ],
            "frame_id": 35
        },
        {
            "file_path": "images/frame_0036.jpg",
            "transform_matrix": [
                [
                    0.8008299971588849,
                    0.5899563727272489,
                    -0.1030669390687825,
                    229.39237809390517
                ],
                [
                    0.5988917395074647,
                    -0.7888816086713029,
                    0.1378205059122219,
                    -310.58586266621705
                ],
                [
                    4.730620005356158e-07,
                    -0.17209673378273374,
                    -0.9850800547270723,
                    2186.98830438663
                ],
                [
                    0.0,
                    0.0,
                    0.0,
                    1.0
                ]
            ],
            "frame_id": 36
        },
        {
            "file_path": "images/frame_0037.jpg",
            "transform_matrix": [
                [
                    0.7399532819571781,
                    0.6625986126171092,
                    -0.11589745069967339,
                    257.9580125627466
                ],
                [
                    0.6726582642921431,
                    -0.7288870924600154,
                    0.12749300343417522,
                    -287.6990010328053
                ],
                [
                    5.313298599548752e-07,
                    -0.1722982443412223,
                    -0.9850448289274201,
                    2186.9882906431444
                ],
                [
                    0.0,
                    0.0,
                    0.0,
                    1.0
                ]
            ],
            "frame_id": 37
        },
        {
            "file_path": "images/frame_0038.jpg",
            "transform_matrix": [
                [
                    0.6726250840665684,
                    0.728916904080088,
                    -0.12749762049050595,
                    283.7770338851642
                ],
                [
                    0.7399834432499823,
                    -0.662565760959406,
                    0.11589269226393493,
                    -261.97919725484803
                ],
                [
                    5.845097281356277e-07,
                    -0.17229846009347435,
                    -0.9850447911892513,
                    2186.9883067031074
                ],
                [
                    0.0,
                    0.0,
                    0.0,
                    1.0
                ]
            ],
            "frame_id": 38
        },
        {
            "file_path": "images/frame_0039.jpg",
            "transform_matrix": [
                [
                    0.5988573184368766,
                    0.7889069923723592,
                    -0.1378247783984856,
                    306.7517050312953
                ],
                [
                    0.8008557374172911,
                    -0.5899222481745809,
                    0.10306225766232321,
                    -233.52384158269706
                ],
                [
                    6.325924905761462e-07,
                    -0.17209735179440327,
                    -0.9850799467581063,
                    2186.9883526423846
                ],
                [
                    0.0,
                    0.0,
                    0.0,
                    1.0
                ]
            ],
            "frame_id": 39
        },
        {
            "file_path": "images/frame_0040.jpg",
            "transform_matrix": [
                [
                    0.5184983732408651,
                    0.8423790256075312,
                    -0.14682307094964014,
                    326.75633621776626
                ],
                [
                    0.8550786144829727,
                    -0.5107975232413495,
                    0.0890306312702693,
                    -202.40087905046846
                ],
                [
                    6.754229077892612e-07,
                    -0.17170750556399542,
                    -0.985147974942107,
                    2186.9884267232774
                ],
                [
                    0.0,
                    0.0,
                    0.0,
                    1.0
                ]
            ],
            "frame_id": 40
        },
        {
            "file_path": "images/frame_0041.jpg",
            "transform_matrix": [
                [
                    0.43124446036335873,
                    0.8889216716230292,
                    -0.15442304596411463,
                    343.6367368625222
                ],
                [
                    0.9022351220194255,
                    -0.42488084896098477,
                    0.07381089879404819,
                    -168.64381467030375
                ],
                [
                    7.126716292532633e-07,
                    -0.17115643693741803,
                    -0.9852438652914209,
                    2186.9885251135197
                ],
                [
                    0.0,
                    0.0,
                    0.0,
                    1.0
                ]
            ],
            "frame_id": 41
        },
        {
            "file_path": "images/frame_0042.jpg",
            "transform_matrix": [
                [
                    0.3366412801060347,
                    0.9278466534503964,
                    -0.16054045038391399,
                    357.20801117058295
                ],
                [
                    0.9416329691169575,
                    -0.3317124278710783,
                    0.05739526694647911,
                    -132.240105713979
                ],
                [
                    7.437918184022614e-07,
                    -0.1704917970952689,
                    -0.9853590955193302,
                    2186.988641266851
                ],
                [
                    0.0,
                    0.0,
                    0.0,
                    1.0
                ]
            ],
            "frame_id": 42
        },
        {
            "file_path": "images/frame_0043.jpg",
            "transform_matrix": [
                [
                    0.2340651624743089,
                    0.9581043741590801,
                    -0.16507424975783522,
                    367.25080618043785
                ],
                [
                    0.9722209109638019,
                    -0.23066642887879976,
                    0.039742909720049145,
                    -93.10355885625222
                ],
                [
                    7.679531015872485e-07,
                    -0.16979106809705374,
                    -0.9854800825962294,
                    2186.9887647288833
                ],
                [
                    0.0,
                    0.0,
                    0.0,
                    1.0
                ]
            ],
            "frame_id": 43
        },
        {
            "file_path": "images/frame_0044.jpg",
            "transform_matrix": [
                [
                    0.12261115214653957,
                    0.9781486866042102,
                    -0.16790369937484073,
                    373.5058742928555
                ],
                [
                    0.9924547875690276,
                    -0.12084359540695226,
                    0.020744157742295634,
                    -50.99386042415631
                ],
                [
                    7.839357531721485e-07,
                    -0.16918029537620397,
                    -0.9855851194370814,
                    2186.988878813656
                ],
                [
                    0.0,
                    0.0,
                    0.0,
                    1.0
                ]
            ],
            "frame_id": 44
        },
        {
            "file_path": "images/frame_0045.jpg",
            "transform_matrix": [
                [
