{
  "camera_model": "PINHOLE",
  "frames": [
    {
      "cx": 1024.0,
      "cy": 1024.0,
      "file_path": "./images/frame_0000.jpg",
      "fl_x": 7783.0944965802355,
      "fl_y": 7783.009455550168,
      "transform_matrix": [
        [
          -0.999962164251193,
          0.0061917568396623645,
          -0.0061100092723993405,
          13.635168584402019
        ],
        [
          0.007142399573992618,
          0.9853510857137394,
          -0.17038845034532255,
          372.33512969787125
        ],
        [
          0.0049655004174545825,
          -0.17042564369833998,
          -0.9853580282189878,
          2184.0764380433566
        ],
        [
          0.0,
          0.0,
          0.0,
          1.0
        ]
      ]
    },
    {
      "cx": 1024.0,
      "cy": 1024.0,
      "file_path": "./images/frame_0001.jpg",
      "fl_x": 7783.0944965802355,
      "fl_y": 7783.009455550168,
      "transform_matrix": [
        [
          -0.9932938296176433,
          -0.11468460857947521,
          0.014656350107962256,
          -32.40187414394121
        ],
        [
          -0.11550458128744563,
          0.978722578771063,
          -0.16959011028161616,
          370.5795632914479
        ],
        [
          0.005104874643560819,
          -0.1701456856893275,
          -0.9854056960948526,
          2184.2420759651313
        ],
        [
          0.0,
          0.0,
          0.0,
          1.0
        ]
      ]
    },
    {
      "cx": 1024.0,
      "cy": 1024.0,
      "file_path": "./images/frame_0002.jpg",
      "fl_x": 7783.0944965802355,
      "fl_y": 7783.009455550168,
      "transform_matrix": [
        [
          -0.9738536010378123,
          -0.22464680050749042,
          0.03380796899302178,
          -74.87198041413744
        ],
        [
          -0.22711996460318454,
          0.9594496923966358,
          -0.16695151822804363,
          364.7632320623791
        ],
        [
          0.00506807895888823,
          -0.17026480194611096,
          -0.9853853113345651,
          2184.4075605563385
        ],
        [
          0.0,
          0.0,
          0.0,
          1.0
        ]
      ]
    },
    {
      "cx": 1024.0,
      "cy": 1024.0,
      "file_path": "./images/frame_0003.jpg",
      "fl_x": 7783.0944965802355,
      "fl_y": 7783.009455550168,
      "transform_matrix": [
        [
          -0.9439992497610656,
          -0.3259126196041985,
          0.0514429862398564,
          -113.98621246602818
        ],
        [
          -0.32990729188349904,
          0.9299041411192045,
          -0.16260217431341517,
          355.16646950411985
        ],
        [
          0.005157054647842928,
          -0.1704677468381731,
          -0.9853497612905155,
          2184.600189015443
        ],
        [
          0.0,
          0.0,
          0.0,
          1.0
        ]
      ]
    },
    {
      "cx": 1024.0,
      "cy": 1024.0,
      "file_path": "./images/frame_0004.jpg",
      "fl_x": 7783.0944965802355,
      "fl_y": 7783.009455550168,
      "transform_matrix": [
        [
          -0.905272242066405,
          -0.4193769475609386,
          0.0678612083486014,
          -150.41155903910436
        ],
        [
          -0.4248006119653581,
          0.8916428640678342,
          -0.15658046822884644,
          341.858226079881
        ],
        [
          0.005158276642425166,
          -0.17057543437253003,
          -0.9853311186452506,
          2184.8212031094154
        ],
        [
          0.0,
          0.0,
          0.0,
          1.0
        ]
      ]
    },
    {
      "cx": 1024.0,
      "cy": 1024.0,
      "file_path": "./images/frame_0005.jpg",
      "fl_x": 7783.0944965802355,
      "fl_y": 7783.009455550168,
      "transform_matrix": [
        [
          -0.858748099090985,
          -0.505608257589669,
          0.08313839164163143,
          -184.30848036055602
        ],
        [
          -0.5123727427283046,
          0.8457164183713523,
          -0.14912381502028912,
          325.3568044109214
        ],
        [
          0.0050867294692172075,
          -0.1706576384293117,
          -0.9853172563337333,
          2184.9841993909777
        ],
        [
          0.0,
          0.0,
          0.0,
          1.0
        ]
      ]
    },
    {
      "cx": 1024.0,
      "cy": 1024.0,
      "file_path": "./images/frame_0006.jpg",
      "fl_x": 7783.0944965802355,
      "fl_y": 7783.009455550168,
      "transform_matrix": [
        [
          -0.8050937913228815,
          -0.5851239243737013,
          0.09723158076914586,
          -215.5809361755195
        ],
        [
          -0.593127163769883,
          0.7928176338453188,
          -0.14014409392551655,
          305.4646326339314
        ],
        [
          0.004914750415060594,
          -0.1704998316404699,
          -0.985345448377841,
          2185.2170541740998
        ],
        [
          0.0,
          0.0,
          0.0,
          1.0
        ]
      ]
    },
    {
      "cx": 1024.0,
      "cy": 1024.0,
      "file_path": "./images/frame_0007.jpg",
      "fl_x": 7783.0944965802355,
      "fl_y": 7783.009455550168,
      "transform_matrix": [
        [
          -0.7447383615474364,
          -0.6581928191734466,
          0.11021336410866762,
          -244.38418875455076
        ],
        [
          -0.6673403948958526,
          0.7333449457339379,
          -0.1298537173389126,
          282.64741612722065
        ],
        [
          0.004644370774025122,
          -0.17025687461890437,
          -0.9853887691998092,
          2185.360018575766
        ],
        [
          0.0,
          0.0,
          0.0,
          1.0
        ]
      ]
    },
    {
      "cx": 1024.0,
      "cy": 1024.0,
      "file_path": "./images/frame_0008.jpg",
      "fl_x": 7783.0944965802355,
      "fl_y": 7783.009455550168,
      "transform_matrix": [
        [
          -0.6778924225845697,
          -0.7249815594691194,
          0.12191637228914064,
          -270.3393677449771
        ],
        [
          -0.7351479963543414,
          0.667503255175774,
          -0.11830818985150725,
          257.04315682255935
        ],
        [
          0.004391680614291436,
          -0.16982680224118535,
          -0.9854641395717618,
          2185.5058301567233
        ],
        [
          0.0,
          0.0,
          0.0,
          1.0
        ]
      ]
    },
    {
      "cx": 1024.0,
      "cy": 1024.0,
      "file_path": "./images/frame_0009.jpg",
      "fl_x": 7783.0944965802355,
      "fl_y": 7783.009455550168,
      "transform_matrix": [
        [
          -0.6045705468560498,
          -0.7854889397817592,
          0.1322935348182421,
          -293.3475220109283
        ],
        [
          -0.7965405926563666,
          0.5952927382331635,
          -0.10559185601885784,
          228.84157799518687
        ],
        [
          0.0041878544413451345,
          -0.16921489676559434,
          -0.9855702819118423,
          2185.7024844665293
        ],
        [
          0.0,
          0.0,
          0.0,
          1.0
        ]
      ]
    },
    {
      "cx": 1024.0,
      "cy": 1024.0,
      "file_path": "./images/frame_0010.jpg",
      "fl_x": 7783.0944965802355,
      "fl_y": 7783.009455550168,
      "transform_matrix": [
        [
          -0.5245953085973907,
          -0.8395220047878077,
          0.14143042697619918,
          -313.5844792404073
        ],
        [
          -0.8513428215493299,
          0.5165407126757354,
          -0.09165747293522067,
          197.92489770387272
        ],
        [
          0.003893891888041223,
          -0.16848885905455283,
          -0.9856958668780451,
          2185.787752528737
        ],
        [
          0.0,
          0.0,
          0.0,
          1.0
        ]
      ]
    },
    {
      "cx": 1024.0,
      "cy": 1024.0,
      "file_path": "./images/frame_0011.jpg",
      "fl_x": 7783.0944965802355,
      "fl_y": 7783.009455550168,
      "transform_matrix": [
        [
          -0.4376903400858963,
          -0.8866692892403706,
          0.14914669863416163,
          -330.6598180222764
        ],
        [
          -0.8991179703625184,
          0.43093150687612236,
          -0.07671317848102531,
          164.77643705270458
        ],
        [
          0.0037472078511222575,
          -0.1676770941406475,
          -0.9858348495229158,
          2185.847142921847
        ],
        [
          0.0,
          0.0,
          0.0,
          1.0
        ]
      ]
    },
    {
      "cx": 1024.0,
      "cy": 1024.0,
      "file_path": "./images/frame_0012.jpg",
      "fl_x": 7783.0944965802355,
      "fl_y": 7783.009455550168,
      "transform_matrix": [
        [
          -0.34336778962930414,
          -0.9262586056144427,
          0.15538196990086273,
          -344.44704154555683
        ],
        [
          -0.9391949474838526,
          0.3380388517665575,
          -0.06035383432019384,
          128.49507662090755
        ],
        [
          0.00337811573039443,
          -0.16665752374715662,
          -0.9860090557964345,
          2186.004686653552
        ],
        [
          0.0,
          0.0,
          0.0,
          1.0
        ]
      ]
    },
    {
      "cx": 1024.0,
      "cy": 1024.0,
      "file_path": "./images/frame_0013.jpg",
      "fl_x": 7783.0944965802355,
      "fl_y": 7783.009455550168,
      "transform_matrix": [
        [
          -0.24101714614167774,
          -0.9572552020949647,
          0.15991626974091394,
          -354.45389445624386
        ],
        [
          -0.9705162724783597,
          0.23721515585878844,
          -0.042744996029950987,
          89.45170647582435
        ],
        [
          0.0029833069622522243,
          -0.1655036189725719,
          -0.9862046704343628,
          2186.1874575424476
        ],
        [
          0.0,
          0.0,
          0.0,
          1.0
        ]
      ]
    },
    {
      "cx": 1024.0,
      "cy": 1024.0,
      "file_path": "./images/frame_0014.jpg",
      "fl_x": 7783.0944965802355,
      "fl_y": 7783.009455550168,
      "transform_matrix": [
        [
          -0.12971268630266755,
          -0.9780714305581443,
          0.162944455990656,
          -361.12511278205733
        ],
        [
          -0.9915481455404705,
          0.1275136292243206,
          -0.023928005292885125,
          47.74385735923572
        ],
        [
          0.0026256594218638614,
          -0.16467103900804034,
          -0.9863450485629323,
          2186.2481336471415
        ],
        [
          0.0,
          0.0,
          0.0,
          1.0
        ]
      ]
    },
    {
      "cx": 1024.0,
      "cy": 1024.0,
      "file_path": "./images/frame_0015.jpg",
      "fl_x": 7783.0944965802355,
      "fl_y": 7783.009455550168,
      "transform_matrix": [
        [
          -0.0071676317786515484,
          -0.9864090526539402,
          0.16415177701457728,
          -363.7774774619009
        ],
        [
          -0.9999718045515239,
          0.006702751435101014,
          -0.0033857384969820494,
          2.224354295431258
        ],
        [
          0.0022394545443831988,
          -0.16417141640845123,
          -0.9864292832625096,
          2186.3079167190344
        ],
        [
          0.0,
          0.0,
          0.0,
          1.0
        ]
      ]
    },
    {
      "cx": 1024.0,
      "cy": 1024.0,
      "file_path": "./images/frame_0016.jpg",
      "fl_x": 7783.0944965802355,
      "fl_y": 7783.009455550168,
      "transform_matrix": [
        [
          0.11549641655262763,
          -0.9798107789167039,
          0.1631913456104321,
          -361.66471679913263
        ],
        [
          -0.9933065701420689,
          -0.11419540228411051,
          0.017362828391974897,
          -43.7565665637954
        ],
        [
          0.0016234149503306168,
          -0.1641043802456586,
          -0.9864416439445809,
          2186.480401630476
        ],
        [
          0.0,
          0.0,
          0.0,
          1.0
        ]
      ]
    },
    {
      "cx": 1024.0,
      "cy": 1024.0,
      "file_path": "./images/frame_0017.jpg",
      "fl_x": 7783.0944965802355,
      "fl_y": 7783.009455550168,
      "transform_matrix": [
        [
          0.22709929184805017,
          -0.9605642596904939,
          0.16044380526330257,
          -355.616495504462
        ],
        [
          -0.973871143158055,
          -0.2241572278438354,
          0.03644905663238947,
          -86.06803755139688
        ],
        [
          0.0009529775120300063,
          -0.16452914699414586,
          -0.9863717613675086,
          2186.608106140812
        ],
        [
          0.0,
          0.0,
          0.0,
          1.0
        ]
      ]
    },
    {
      "cx": 1024.0,
      "cy": 1024.0,
      "file_path": "./images/frame_0018.jpg",
      "fl_x": 7783.0944965802355,
      "fl_y": 7783.009455550168,
      "transform_matrix": [
        [
          0.32988652864213136,
          -0.9310267338191812,
          0.15609003534636548,
          -346.0083617694396
        ],
        [
          -0.9440204688683135,
          -0.32543027148614145,
          0.05404158360099897,
          -125.07433163325105
        ],
        [
          0.0004822635085948497,
          -0.16517977876980486,
          -0.9862633563645486,
          2186.6327935702884
        ],
        [
          0.0,
          0.0,
          0.0,
          1.0
        ]
      ]
    },
    {
      "cx": 1024.0,
      "cy": 1024.0,
      "file_path": "./images/frame_0019.jpg",
      "fl_x": 7783.0944965802355,
      "fl_y": 7783.009455550168,
      "transform_matrix": [
        [
          0.42476426674311774,
          -0.8927662247211448,
          0.1501458813798653,
          -332.86585142565366
        ],
        [
          -0.9053039916376696,
          -0.4188778385221153,
          0.0704701292743483,
          -161.51382657956304
        ],
        [
          -2.056901247505913e-05,
          -0.1658608585296593,
          -0.9861491647741332,
          2186.5898977319434
        ],
        [
          0.0,
          0.0,
          0.0,
          1.0
        ]
      ]
    },
    {
      "cx": 1024.0,
      "cy": 1024.0,
      "file_path": "./images/frame_0020.jpg",
      "fl_x": 7783.0944965802355,
      "fl_y": 7783.009455550168,
      "transform_matrix": [
        [
          0.5123638383769961,
          -0.8468631325022105,
          0.14249958572618304,
          -315.94515620032536
        ],
        [
          -0.8587682596217937,
          -0.5051425982781282,
          0.0857206607007644,
          -195.3483115985726
        ],
        [
          -0.0006110562539274843,
          -0.1662942879757567,
          -0.9860759790182951,
          2186.719694868921
        ],
        [
          0.0,
          0.0,
          0.0,
          1.0
        ]
      ]
    },
    {
      "cx": 1024.0,
      "cy": 1024.0,
      "file_path": "./images/frame_0021.jpg",
      "fl_x": 7783.0944965802355,
      "fl_y": 7783.009455550168,
      "transform_matrix": [
        [
          0.5931042326828051,
          -0.7939496458586323,
          0.13368369015961787,
          -296.411267534562
        ],
        [
          -0.8051249296127754,
          -0.584643240149753,
          0.09983050367107746,
          -226.64983070350615
        ],
        [
          -0.0011031272654462027,
          -0.16684196590831085,
          -0.9859830330802277,
          2186.63654065483
        ],
        [
          0.0,
          0.0,
          0.0,
          1.0
        ]
      ]
    },
    {
      "cx": 1024.0,
      "cy": 1024.0,
      "file_path": "./images/frame_0022.jpg",
      "fl_x": 7783.0944965802355,
      "fl_y": 7783.009455550168,
      "transform_matrix": [
        [
          0.6673105713024172,
          -0.7344899202208723,
          0.12337405935599288,
          -273.55495363301253
        ],
        [
          -0.7447777514657269,
          -0.657723982902078,
          0.11271762611535426,
          -255.23918164666367
        ],
        [
          -0.0016438825065316117,
          -0.16710391799524502,
          -0.9859379180460306,
          2186.6188795417984
        ],
        [
          0.0,
          0.0,
          0.0,
          1.0
        ]
      ]
    },
    {
      "cx": 1024.0,
      "cy": 1024.0,
      "file_path": "./images/frame_0023.jpg",
      "fl_x": 7783.0944965802355,
      "fl_y": 7783.009455550168,
      "transform_matrix": [
        [
          0.7351244211572847,
          -0.6686382178337047,
          0.11187054603574241,
          -248.03922885715195
        ],
        [
          -0.6779290949287408,
          -0.7245425365432335,
          0.12429905465688884,
          -280.9243715794375
        ],
        [
          -0.0020561291949830144,
          -0.16721556862823792,
          -0.9859182146309446,
          2186.579845220366
        ],
        [
          0.0,
          0.0,
          0.0,
          1.0
        ]
      ]
    },
    {
      "cx": 1024.0,
      "cy": 1024.0,
      "file_path": "./images/frame_0024.jpg",
      "fl_x": 7783.0944965802355,
      "fl_y": 7783.009455550168,
      "transform_matrix": [
        [
          0.7965285172045612,
          -0.5964417495304523,
          0.09899273052581072,
          -219.46920072854275
        ],
        [
          -0.6045953477743554,
          -0.7850664129178235,
          0.13466696981051926,
          -303.91400462429914
        ],
        [
          -0.002605135218911742,
          -0.16711662611898995,
          -0.9859336927730467,
          2186.5794502560166
        ],
        [
          0.0,
          0.0,
          0.0,
          1.0
        ]
      ]
    },
    {
      "cx": 1024.0,
      "cy": 1024.0,
      "file_path": "./images/frame_0025.jpg",
      "fl_x": 7783.0944965802355,
      "fl_y": 7783.009455550168,
      "transform_matrix": [
        [
          0.8513346130620351,
          -0.5176772643345425,
          0.08508599528487196,
          -188.61227963275203
        ],
        [
          -0.5246142477085377,
          -0.8391079834875086,
          0.14379736836510715,
          -324.14173935889005
        ],
        [
          -0.003044290347238599,
          -0.16705700236335286,
          -0.9859425390242835,
          2186.450536779953
        ],
        [
          0.0,
          0.0,
          0.0,
          1.0
        ]
      ]
    },
    {
      "cx": 1024.0,
      "cy": 1024.0,
      "file_path": "./images/frame_0026.jpg",
      "fl_x": 7783.0944965802355,
      "fl_y": 7783.009455550168,
      "transform_matrix": [
        [
          0.8991184984725199,
          -0.43208097579054233,
          0.06994251971735176,
          -155.0132597847665
        ],
        [
          -0.4376915673858595,
          -0.8862718173605288,
          0.15148715322354203,
          -341.16062309953526
        ],
        [
          -0.003466632923887466,
          -0.1668181528262319,
          -0.9859815851950853,
          2186.3312258165765
        ],
        [
          0.0,
          0.0,
          0.0,
          1.0
        ]
      ]
    },
    {
      "cx": 1024.0,
      "cy": 1024.0,
      "file_path": "./images/frame_0027.jpg",
      "fl_x": 7783.0944965802355,
      "fl_y": 7783.009455550168,
      "transform_matrix": [
        [
          0.9391956559459792,
          -0.3391905642580314,
          0.05349094288306969,
          -118.51098759631334
        ],
        [
          -0.34335901406213304,
          -0.9258461958858765,
          0.15783982078655276,
          -355.2136600775177
        ],
        [
          -0.004013391892338619,
          -0.16660907142760695,
          -0.9860148629729417,
          2186.156220129111
        ],
        [
          0.0,
          0.0,
          0.0,
          1.0
        ]
      ]
    },
    {
      "cx": 1024.0,
      "cy": 1024.0,
      "file_path": "./images/frame_0028.jpg",
      "fl_x": 7783.0944965802355,
      "fl_y": 7783.009455550168,
      "transform_matrix": [
        [
          0.9705165360153656,
          -0.2383639627417293,
          0.035780924901340126,
          -79.22963668255109
        ],
        [
          -0.24099268819464936,
          -0.9568303673430109,
          0.16247514384346884,
          -365.4513237884659
        ],
        [
          -0.004491943616339759,
          -0.1663077550696264,
          -0.9860636658179072,
          2186.0118344387884
        ],
        [
          0.0,
          0.0,
          0.0,
          1.0
        ]
      ]
    },
    {
      "cx": 1024.0,
      "cy": 1024.0,
      "file_path": "./images/frame_0029.jpg",
      "fl_x": 7783.0944965802355,
      "fl_y": 7783.009455550168,
      "transform_matrix": [
        [
          0.9915429248050442,
          -0.12868558091325052,
          0.01681218409600608,
          -37.16556410807242
        ],
        [
          -0.12968812848833822,
          -0.977647198237737,
          0.1654900151280905,
          -372.0969919447879
        ],
        [
          -0.004859794054383559,
          -0.16627079431735026,
          -0.9860681545201764,
          2185.7860356089955
        ],
        [
          0.0,
          0.0,
          0.0,
          1.0
        ]
      ]
    },
    {
      "cx": 1024.0,
      "cy": 1024.0,
      "file_path": "./images/frame_0030.jpg",
      "fl_x": 7783.0944965802355,
      "fl_y": 7783.009455550168,
      "transform_matrix": [
        [
          0.9999600227171692,
          -0.007899642878725903,
          -0.004189106093967718,
          9.404208925935333
        ],
        [
          -0.007090563280543971,
          -0.9859728872390451,
          0.16675487861488592,
          -374.8861075445311
        ],
        [
          -0.005447649019762917,
          -0.166718509086092,
          -0.9859894836397941,
          2185.506782494709
        ],
        [
          0.0,
          0.0,
          0.0,
          1.0
        ]
      ]
    },
    {
      "cx": 1024.0,
      "cy": 1024.0,
      "file_path": "./images/frame_0031.jpg",
      "fl_x": 7783.0944965802355,
      "fl_y": 7783.009455550168,
      "transform_matrix": [
        [
          0.9932830940871444,
          0.11299915469265825,
          -0.0248975107071937,
          55.31767130716074
        ],
        [
          0.11557230318044506,
          -0.9793423406821355,
          0.16592655750302476,
          -373.06302984911724
        ],
        [
          -0.005633625674237058,
          -0.16768950708372296,
          -0.9858237628885711,
          2185.2184292183224
        ],
        [
          0.0,
          0.0,
          0.0,
          1.0
        ]
      ]
    },
    {
      "cx": 1024.0,
      "cy": 1024.0,
      "file_path": "./images/frame_0032.jpg",
      "fl_x": 7783.0944965802355,
      "fl_y": 7783.009455550168,
      "transform_matrix": [
        [
          0.9738408500934016,
          0.2229620377740176,
          -0.04383980384331885,
          97.3231013032393
        ],
        [
          0.22716052616621885,
          -0.9600577413946458,
          0.1633622616766181,
          -367.41751229519764
        ],
        [
          -0.005665160302209931,
          -0.16904751669241044,
          -0.9855916208343503,
          2184.9215404697256
        ],
        [
          0.0,
          0.0,
          0.0,
          1.0
        ]
      ]
    },
    {
      "cx": 1024.0,
      "cy": 1024.0,
      "file_path": "./images/frame_0033.jpg",
      "fl_x": 7783.0944965802355,
      "fl_y": 7783.009455550168,
      "transform_matrix": [
        [
          0.9439784797455635,
          0.32420097407584975,
          -0.06163082171709637,
          136.7910216504276
        ],
        [
          0.32995642560217975,
          -0.9304981961127013,
          0.15906559726993602,
          -357.93361479063134
        ],
        [
          -0.0057781468558315875,
          -0.17048998633139262,
          -0.9853424671552695,
          2184.6233544459255
        ],
        [
          0.0,
          0.0,
          0.0,
          1.0
        ]
      ]
    },
    {
      "cx": 1024.0,
      "cy": 1024.0,
      "file_path": "./images/frame_0034.jpg",
      "fl_x": 7783.0944965802355,
      "fl_y": 7783.009455550168,
      "transform_matrix": [
        [
          0.9052470540813762,
          0.417627888281242,
          -0.07819666237595949,
          173.54524693768326
        ],
        [
          0.42484566657074935,
          -0.8922235332192627,
          0.1531121365724808,
          -344.7679159177695
        ],
        [
          -0.005825004124038102,
          -0.17182582372706598,
          -0.9851101236041935,
          2184.3307725006985
        ],
        [
          0.0,
          0.0,
          0.0,
          1.0
        ]
      ]
    },
    {
      "cx": 1024.0,
      "cy": 1024.0,
      "file_path": "./images/frame_0035.jpg",
      "fl_x": 7783.0944965802355,
      "fl_y": 7783.009455550168,
      "transform_matrix": [
        [
          0.8587089331821534,
          0.5038766263005617,
          -0.09342009174225555,
          207.32639198016642
        ],
        [
          0.5124324876812123,
          -0.8462784031611597,
          0.145690802427062,
          -328.3481283921088
        ],
        [
          -0.005649216052835352,
          -0.17297748353748546,
          -0.9849095778532293,
          2184.1271468481214
        ],
        [
          0.0,
          0.0,
          0.0,
          1.0
        ]
      ]
    },
    {
      "cx": 1024.0,
      "cy": 1024.0,
      "file_path": "./images/frame_0036.jpg",
      "fl_x": 7783.0944965802355,
      "fl_y": 7783.009455550168,
      "transform_matrix": [
        [
          0.8050553856165698,
          0.5834004114844326,
          -0.10737684093672514,
          238.29431806783919
        ],
        [
          0.5931755350423951,
          -0.7933564499123886,
          0.13685148157612248,
          -308.7598843620843
        ],
        [
          -0.005348898664603374,
          -0.1738663373462683,
          -0.9847547339418424,
          2183.918722384153
        ],
        [
          0.0,
          0.0,
          0.0,
          1.0
        ]
      ]
    },
    {
      "cx": 1024.0,
      "cy": 1024.0,
      "file_path": "./images/frame_0037.jpg",
      "fl_x": 7783.0944965802355,
      "fl_y": 7783.009455550168,
      "transform_matrix": [
        [
          0.7447012479688616,
          0.6564832453920971,
          -0.12020732004782168,
          266.7575072726837
        ],
        [
          0.6673776831615997,
          -0.7339043906202107,
          0.12645700236140303,
          -285.72519860092893
        ],
        [
          -0.005203776655015266,
          -0.1743963702255183,
          -0.9846617829288838,
          2183.7947359445197
        ],
        [
          0.0,
          0.0,
          0.0,
          1.0
        ]
      ]
    },
    {
      "cx": 1024.0,
      "cy": 1024.0,
      "file_path": "./images/frame_0038.jpg",
      "fl_x": 7783.0944965802355,
      "fl_y": 7783.009455550168,
      "transform_matrix": [
        [
          0.6778404141642591,
          0.7232750280210284,
          -0.13193031026571497,
          292.75355976456746
        ],
        [
          0.7351920264122115,
          -0.6680439059074448,
          0.11493486885985642,
          -260.1704823127409
        ],
        [
          -0.005005719282283443,
          -0.17490161125932258,
          -0.98457319136434,
          2183.5627331810233
        ],
        [
          0.0,
          0.0,
          0.0,
          1.0
        ]
      ]
    },
    {
      "cx": 1024.0,
      "cy": 1024.0,
      "file_path": "./images/frame_0039.jpg",
      "fl_x": 7783.0944965802355,
      "fl_y": 7783.009455550168,
      "transform_matrix": [
        [
          0.6045124357058131,
          0.7837669070804048,
          -0.14238732542835517,
          315.9319987296139
        ],
        [
          0.7965820096182583,
          -0.5958149016487737,
          0.10228247614228812,
          -232.10347993648756
        ],
        [
          -0.004670870321560906,
          -0.17525421061668453,
          -0.9845121353399159,
          2183.3159960590665
        ],
        [
          0.0,
          0.0,
          0.0,
          1.0
        ]
      ]
    },
    {
      "cx": 1024.0,
      "cy": 1024.0,
      "file_path": "./images/frame_0040.jpg",
      "fl_x": 7783.0944965802355,
      "fl_y": 7783.009455550168,
      "transform_matrix": [
        [
          0.5245692564678696,
          0.8378281394347098,
          -0.15123195409740148,
          335.54122222583413
        ],
        [
          0.8513576832129572,
          -0.5170857736836545,
          0.08838777001510033,
          -201.28591772904622
        ],
        [
          -0.004146131089611218,
          -0.17511799286580623,
          -0.9845387235511048,
          2183.318431411307
        ],
        [
          0.0,
          0.0,
          0.0,
          1.0
        ]
      ]
    },
    {
      "cx": 1024.0,
      "cy": 1024.0,
      "file_path": "./images/frame_0041.jpg",
      "fl_x": 7783.0944965802355,
      "fl_y": 7783.009455550168,
      "transform_matrix": [
        [
          0.43763956310767266,
          0.8849674782518222,
          -0.1590728614174541,
          352.87896257939315
        ],
        [
          0.8991418623555126,
          -0.431507428900689,
          0.07311121776702775,
          -167.39530408201773
        ],
        [
          -0.003940071418914854,
          -0.17502543026694198,
          -0.9845560291812175,
          2183.0785513708065
        ],
        [
          0.0,
          0.0,
          0.0,
          1.0
        ]
      ]
    },
    {
      "cx": 1024.0,
      "cy": 1024.0,
      "file_path": "./images/frame_0042.jpg",
      "fl_x": 7783.0944965802355,
      "fl_y": 7783.009455550168,
      "transform_matrix": [
        [
          0.3433541090533492,
          0.92456518461038,
          -0.1651883022570099,
          366.39191311639144
        ],
        [
          0.9392001164367156,
          -0.3386234215894728,
          0.05689744841639946,
          -131.4401483265108
        ],
        [
          -0.003331228217856786,
          -0.1746808454221889,
          -0.9846194722638529,
          2182.9534900126505
        ],
        [
          0.0,
          0.0,
          0.0,
          1.0
        ]
      ]
    },
    {
      "cx": 1024.0,
      "cy": 1024.0,
      "file_path": "./images/frame_0043.jpg",
      "fl_x": 7783.0944965802355,
      "fl_y": 7783.009455550168,
      "transform_matrix": [
        [
          0.2410097304863574,
          0.9555318386775814,
          -0.1699212025744156,
          376.85470806029264
        ],
        [
          0.970518824043538,
          -0.23778087426917496,
          0.03941405851897186,
          -92.68101847354916
        ],
        [
          -0.00274262429863514,
          -0.17441089732361634,
          -0.9846691408319495,
          2182.8576924113595
        ],
        [
          0.0,
          0.0,
          0.0,
          1.0
        ]
      ]
    },
    {
      "cx": 1024.0,
      "cy": 1024.0,
      "file_path": "./images/frame_0044.jpg",
      "fl_x": 7783.0944965802355,
      "fl_y": 7783.009455550168,
      "transform_matrix": [
        [
          0.129694614041723,
          0.9763601438177516,
          -0.1729166754617597,
          383.4346085683412
        ],
        [
          0.9915513885291143,
          -0.12810609733263345,
          0.020363490176954307,
          -50.451183282582654
        ],
        [
          -0.002269580259337096,
          -0.17409680465298857,
          -0.9847259271569249,
          2182.680911201272
        ],
        [
          0.0,
          0.0,
          0.0,
          1.0
        ]
      ]
    },
    {
      "cx": 1024.0,
      "cy": 1024.0,
      "file_path": "./images/frame_0045.jpg",
      "fl_x": 7783.0944965802355,
      "fl_y": 7783.009455550168,
      "transform_matrix": [
        [
          0.007144205896575881,
          0.984702740865849,
          -0.1740961586405358,
          386.034212914449
        ],
        [
          0.9999730987414918,
          -0.007324444799233485,
          -0.0003928125767595756,
          -4.45425381843294
        ],
        [
          -0.0016619613247029219,
          -0.1740886689008399,
          -0.9847285784645877,
          2182.5930636667244
        ],
        [
          0.0,
          0.0,
          0.0,
          1.0
        ]
      ]
    },
    {
      "cx": 1024.0,
      "cy": 1024.0,
      "file_path": "./images/frame_0046.jpg",
      "fl_x": 7783.0944965802355,
      "fl_y": 7783.009455550168,
      "transform_matrix": [
        [
          -0.11551321759439744,
          0.9781188942697846,
          -0.17303215086637677,
          383.69891400668104
        ],
        [
          0.9933054093685691,
          0.11356644846285786,
          -0.0211429776207996,
          41.533107819798616
        ],
        [
          -0.0010296990482434926,
          -0.17431606482475517,
          -0.9846892145564929,
          2182.636209794624
        ],
        [
          0.0,
          0.0,
          0.0,
          1.0
        ]
      ]
    },
    {
      "cx": 1024.0,
      "cy": 1024.0,
      "file_path": "./images/frame_0047.jpg",
      "fl_x": 7783.0944965802355,
      "fl_y": 7783.009455550168,
      "transform_matrix": [
        [
          -0.22710054601708488,
          0.95881317740894,
          -0.17059493786660934,
          378.3342350152849
        ],
        [
          0.9738712686712183,
          0.22353390944776125,
          -0.04009168721455564,
          83.53745326040402
        ],
        [
          -0.00030668461255235757,
          -0.17524235262621446,
          -0.9845252783908475,
          2182.4909913021556
        ],
        [
          0.0,
          0.0,
          0.0,
          1.0
        ]
      ]
    },
    {
      "cx": 1024.0,
      "cy": 1024.0,
      "file_path": "./images/frame_0048.jpg",
      "fl_x": 7783.0944965802355,
      "fl_y": 7783.009455550168,
      "transform_matrix": [
        [
          -0.3298888616700623,
          0.9292582330570005,
          -0.16629033418035186,
          368.8389100654332
        ],
        [
          0.944019705700744,
          0.3247987531266802,
          -0.05772837444477405,
          122.6408246922986
        ],
        [
          0.00036632596499360236,
          -0.17602530006546363,
          -0.9843855746312784,
          2182.446614602649
        ],
        [
          0.0,
          0.0,
          0.0,
          1.0
        ]
      ]
    },
    {
      "cx": 1024.0,
      "cy": 1024.0,
      "file_path": "./images/frame_0049.jpg",
      "fl_x": 7783.0944965802355,
      "fl_y": 7783.009455550168,
      "transform_matrix": [
        [
          -0.42477503796206106,
          0.8910131015639396,
          -0.1601930709042643,
          355.365111275783
        ],
        [
          0.9052984673995069,
          0.41825219067678504,
          -0.07416056848605304,
          159.09523521825707
        ],
        [
          0.0009230646964469934,
          -0.17652409987160222,
          -0.984295885451162,
          2182.5380176714943
        ],
        [
          0.0,
          0.0,
          0.0,
          1.0
        ]
      ]
    },
    {
      "cx": 1024.0,
      "cy": 1024.0,
      "file_path": "./images/frame_0050.jpg",
      "fl_x": 7783.0944965802355,
      "fl_y": 7783.009455550168,
      "transform_matrix": [
        [
          -0.5123633848346921,
          0.8450872164779498,
          -0.1526805764538733,
          338.74721200054444
        ],
        [
          0.8587674160885838,
          0.5045129346976346,
          -0.08936007938289142,
          192.81639601712635
        ],
        [
          0.001512264948133861,
          -0.17690193686992337,
          -0.9842273201788271,
          2182.6532446660453
        ],
        [
          0.0,
          0.0,
          0.0,
          1.0
        ]
      ]
    },
    {
      "cx": 1024.0,
      "cy": 1024.0,
      "file_path": "./images/frame_0051.jpg",
      "fl_x": 7783.0944965802355,
      "fl_y": 7783.009455550168,
      "transform_matrix": [
        [
          -0.5931260666120767,
          0.7921871502994737,
          -0.14366971847152166,
          318.77909285745955
        ],
        [
          0.805107431892979,
          0.5840186919225551,
          -0.10355766797181441,
          224.3235947096637
        ],
        [
          0.001868747168369117,
          -0.17709231035103576,
          -0.9841924717241816,
          2182.7314750617493
        ],
        [
          0.0,
          0.0,
          0.0,
          1.0
        ]
      ]
    },
    {
      "cx": 1024.0,
      "cy": 1024.0,
      "file_path": "./images/frame_0052.jpg",
      "fl_x": 7783.0944965802355,
      "fl_y": 7783.009455550168,
      "transform_matrix": [
        [
          -0.6673356577223897,
          0.7327301375839782,
          -0.13330290847686005,
          295.7902110672267
        ],
        [
          0.7447535754002884,
          0.6571055919492171,
          -0.11642316332051687,
          252.8634638490895
        ],
        [
          0.0022873261054351755,
          -0.17697114596801725,
          -0.9842133821657041,
          2182.8511703502304
        ],
        [
          0.0,
          0.0,
          0.0,
          1.0
        ]
      ]
    },
    {
      "cx": 1024.0,
      "cy": 1024.0,
      "file_path": "./images/frame_0053.jpg",
      "fl_x": 7783.0944965802355,
      "fl_y": 7783.009455550168,
      "transform_matrix": [
        [
          -0.735136256698635,
          0.6668874970079084,
          -0.12180209530893069,
          270.2855879048197
        ],
        [
          0.6779136739604795,
          0.7239042825935428,
          -0.1280454618490373,
          278.6433590871075
        ],
        [
          0.0027811408672756503,
          -0.17670216743791084,
          -0.9842604377288673,
          2182.9815195212636
        ],
        [
          0.0,
          0.0,
          0.0,
          1.0
        ]
      ]
    },
    {
      "cx": 1024.0,
      "cy": 1024.0,
      "file_path": "./images/frame_0054.jpg",
      "fl_x": 7783.0944965802355,
      "fl_y": 7783.009455550168,
      "transform_matrix": [
        [
          -0.7965471225623814,
          0.5946615777101895,
          -0.1090426042096241,
          241.97460754732484
        ],
        [
          0.6045679228819997,
          0.7844307643999303,
          -0.13844133228585867,
          301.69018242938176
        ],
        [
          0.0032106322949051716,
          -0.17619870560865986,
          -0.9843493830861569,
          2183.103117620083
        ],
        [
          0.0,
          0.0,
          0.0,
          1.0
        ]
      ]
    },
    {
      "cx": 1024.0,
      "cy": 1024.0,
      "file_path": "./images/frame_0055.jpg",
      "fl_x": 7783.0944965802355,
      "fl_y": 7783.009455550168,
      "transform_matrix": [
        [
          -0.8513311516516346,
          0.5159502682569673,
          -0.09502942130238014,
          210.87669305570031
        ],
        [
          0.5246164983196916,
          0.8384641864273225,
          -0.14749690766098453,
          321.75358867492923
        ],
        [
          0.0035776973442013834,
          -0.17542271450508207,
          -0.9844867044898991,
          2183.283865326426
        ],
        [
          0.0,
          0.0,
          0.0,
          1.0
        ]
      ]
    },
    {
      "cx": 1024.0,
      "cy": 1024.0,
      "file_path": "./images/frame_0056.jpg",
