{
    "w": 2048,
    "h": 2048,
    "k1": 0,
    "k2": 0,
    "p1": 0,
    "p2": 0,
    "fl_x": 7778.052211430555,
    "fl_y": 7778.052211430555,
    "cx": 1024.0,
    "cy": 1024.0,
    "frames": [
        {
            "file_path": "images/frame_0000.jpg",
            "transform_matrix": [
                [
                    -1.0,
                    -2.81993320259873e-12,
                    4.831289129151608e-13,
                    -1.1548308975761756e-09
                ],
                [
                    -2.861050639525195e-12,
                    0.9856414736444521,
                    -0.1688516669505888,
                    369.1914226015367
                ],
                [
                    -2.4123687006486966e-17,
                    -0.16885166695058887,
                    -0.9856414736444522,
                    2186.989292590197
                ],
                [
                    0.0,
                    0.0,
                    0.0,
                    1.0
                ]
            ],
            "frame_id": 0
        },
        {
            "file_path": "images/frame_0001.jpg",
            "transform_matrix": [
                [
                    -0.9924551070806307,
                    -0.12084186100815439,
                    0.02073897436374654,
                    -46.142928475752626
                ],
                [
                    -0.12260856588984662,
                    0.9781546470183745,
                    -0.1678708613392896,
                    367.03682435405585
                ],
                [
                    -9.685501204406635e-08,
                    -0.1691470695709676,
                    -0.985590822225707,
                    2186.989250587031
                ],
                [
                    0.0,
                    0.0,
                    0.0,
                    1.0
                ]
            ],
            "frame_id": 1
        },
        {
            "file_path": "images/frame_0002.jpg",
            "transform_matrix": [
                [
                    -0.9722218639884036,
                    -0.23066400926083816,
                    0.03973363832610971,
                    -88.41427416542308
                ],
                [
                    -0.2340612039251271,
                    0.9581110438871207,
                    -0.16504114759250868,
                    360.80403956202304
                ],
                [
                    -1.84897364498486e-07,
                    -0.1697567153701089,
                    -0.9854860007055999,
                    2186.989161855342
                ],
                [
                    0.0,
                    0.0,
                    0.0,
                    1.0
                ]
            ],
            "frame_id": 2
        },
        {
            "file_path": "images/frame_0003.jpg",
            "transform_matrix": [
                [
                    -0.9416345197473688,
                    -0.33171029091046433,
                    0.05738217601518268,
                    -127.70099305089053
                ],
                [
                    -0.33663694274406586,
                    0.9278539166250539,
                    -0.1605075642562548,
                    350.7984916571372
                ],
                [
                    -2.659273832301692e-07,
                    -0.17045642348601142,
                    -0.9853652153857912,
                    2186.989056765543
                ],
                [
                    0.0,
                    0.0,
                    0.0,
                    1.0
                ]
            ],
            "frame_id": 3
        },
        {
            "file_path": "images/frame_0004.jpg",
            "transform_matrix": [
                [
                    -0.9022370101206769,
                    -0.4248797292013379,
                    0.07379426320724022,
                    -164.2443927586675
                ],
                [
                    -0.4312405101198003,
                    0.8889291841408147,
                    -0.1543908287896669,
                    337.27842511187623
                ],
                [
                    -3.406597608202508e-07,
                    -0.1711201954666475,
                    -0.9852501604685688,
                    2186.988952700184
                ],
                [
                    0.0,
                    0.0,
                    0.0,
                    1.0
                ]
            ],
            "frame_id": 4
        },
        {
            "file_path": "images/frame_0005.jpg",
            "transform_matrix": [
                [
                    -0.8550804578059147,
                    -0.510797903772776,
                    0.08901074193470017,
                    -198.13105831143133
                ],
                [
                    -0.5184953333235123,
                    0.8423863198896715,
                    -0.14679195272383327,
                    320.46234261561074
                ],
                [
                    -4.0958697491547076e-07,
                    -0.1716705844461249,
                    -0.9851544094383167,
                    2186.98886065214
                ],
                [
                    0.0,
                    0.0,
                    0.0,
                    1.0
                ]
            ],
            "frame_id": 5
        },
        {
            "file_path": "images/frame_0006.jpg",
            "transform_matrix": [
                [
                    -0.8008571181330807,
                    -0.5899243624162993,
                    0.10303942431564268,
                    -229.37363208853085
                ],
                [
                    -0.5988554719924939,
                    0.7889135664492151,
                    -0.13779516804673148,
                    300.53441741045674
                ],
                [
                    -4.7306771266120244e-07,
                    -0.1720599642569481,
                    -0.9850864777772932,
                    2186.9887876171733
                ],
                [
                    0.0,
                    0.0,
                    0.0,
                    1.0
                ]
            ],
            "frame_id": 6
        },
        {
            "file_path": "images/frame_0007.jpg",
            "transform_matrix": [
                [
                    -0.7399839811469382,
                    -0.6625696109462568,
                    0.1158672442774644,
                    -257.9385234124594
                ],
                [
                    -0.672624492302834,
                    0.7289222971137731,
                    -0.12746990674168862,
                    277.64822958726086
                ],
                [
                    -5.313417757879577e-07,
                    -0.17226083542380166,
                    -0.9850513715430335,
                    2186.98873781374
                ],
                [
                    0.0,
                    0.0,
                    0.0,
                    1.0
                ]
            ],
            "frame_id": 7
        },
        {
            "file_path": "images/frame_0008.jpg",
            "transform_matrix": [
                [
                    -0.6726576783525319,
                    -0.7288924801459336,
                    0.12746528994236547,
                    -283.7575612830014
                ],
                [
                    -0.7399538146080737,
                    0.6626024685264496,
                    -0.11587200244069062,
                    251.92896160847158
                ],
                [
                    -5.845287802587136e-07,
                    -0.1722606196707915,
                    -0.9850514092727815,
                    2186.9887133152415
                ],
                [
                    0.0,
                    0.0,
                    0.0,
                    1.0
                ]
            ],
            "frame_id": 8
        },
        {
            "file_path": "images/frame_0009.jpg",
            "transform_matrix": [
                [
                    -0.5988898990797041,
                    -0.7888881782711946,
                    0.13779089579597453,
                    -306.7330086040429
                ],
                [
                    -0.8008313734987542,
                    0.589958493076929,
                    -0.10304410544275436,
                    223.47394408848174
                ],
                [
                    -6.326191939943542e-07,
                    -0.17205934624528355,
                    -0.9850865857219075,
                    2186.9887143445744
                ],
                [
                    0.0,
                    0.0,
                    0.0,
                    1.0
                ]
            ],
            "frame_id": 9
        },
        {
            "file_path": "images/frame_0010.jpg",
            "transform_matrix": [
                [
                    -0.5185289547607321,
                    -0.8423662770144597,
                    0.14678820941594956,
                    -326.73916160105824
                ],
                [
                    -0.8550600698630978,
                    0.5108312696340195,
                    -0.08901511607479551,
                    192.35106242040365
                ],
                [
                    -6.754573184456852e-07,
                    -0.17166965169444984,
                    -0.9851545719767276,
                    2186.988739259168
                ],
                [
                    0.0,
                    0.0,
                    0.0,
                    1.0
                ]
            ],
            "frame_id": 10
        },
        {
            "file_path": "images/frame_0011.jpg",
            "transform_matrix": [
                [
                    -0.43127113899017916,
                    -0.8889148548275082,
                    0.1543877765274947,
                    -343.62180170907516
                ],
                [
                    -0.902222369858787,
                    0.42491015150246103,
                    -0.07379809263490507,
                    158.5937618162019
                ],
                [
                    -7.127133223198498e-07,
                    -0.17111909308182327,
                    -0.9852503519321099,
                    2186.9887842806233
                ],
                [
                    0.0,
                    0.0,
                    0.0,
                    1.0
                ]
            ],
            "frame_id": 11
        },
        {
            "file_path": "images/frame_0012.jpg",
            "transform_matrix": [
                [
                    -0.33666240580002377,
                    -0.9278450627927771,
                    0.1605053393878461,
                    -357.19599125123153
                ],
                [
                    -0.9416254162459651,
                    0.3317356057425963,
                    -0.05738521902202632,
                    122.18943927670921
                ],
                [
                    -7.43839878891076e-07,
                    -0.1704553529040971,
                    -0.985365400582843,
                    2186.988842831833
                ],
                [
                    0.0,
                    0.0,
                    0.0,
                    1.0
                ]
            ],
            "frame_id": 12
        },
        {
            "file_path": "images/frame_0013.jpg",
            "transform_matrix": [
                [
                    -0.23407952791003356,
                    -0.9581067895077361,
                    0.16503985734541238,
                    -367.24232252282354
                ],
                [
                    -0.9722174523288634,
                    0.23068225612669438,
                    -0.03973565269971274,
                    83.05183986249017
                ],
                [
                    -7.680061513732667e-07,
                    -0.16975593246622178,
                    -0.9854861355655559,
                    2186.9889043200583
                ],
                [
                    0.0,
                    0.0,
                    0.0,
                    1.0
                ]
            ],
            "frame_id": 13
        },
        {
            "file_path": "images/frame_0014.jpg",
            "transform_matrix": [
                [
                    -0.1226181975316469,
                    -0.9781534877609699,
                    0.16787058114851502,
                    -373.5014857205116
                ],
                [
                    -0.9924539171334232,
                    0.12085150566464423,
                    -0.02073971902203765,
                    40.94058369454547
                ],
                [
                    -7.839920081224993e-07,
                    -0.16914688279610302,
                    -0.9855908542796786,
                    2186.988951682909
                ],
                [
                    0.0,
                    0.0,
                    0.0,
                    1.0
                ]
            ],
            "frame_id": 14
        },
        {
            "file_path": "images/frame_0015.jpg",
            "transform_matrix": [
                [
                    -1.4984298289301962e-12,
                    -0.9856413402595171,
                    0.16885244555949605,
                    -375.6668206509403
                ],
                [
                    -0.9999999999996879,
                    1.3338698302004566e-07,
                    7.786101400928567e-07,
                    -5.027902222740522
                ],
                [
                    -7.899530602635335e-07,
                    -0.16885244555944337,
                    -0.9856413402592097,
                    2186.9889544241014
                ],
                [
                    0.0,
                    0.0,
                    0.0,
                    1.0
                ]
            ],
            "frame_id": 15
        },
        {
            "file_path": "images/frame_0016.jpg",
            "transform_matrix": [
                [
                    0.12261115178095482,
                    -0.9781540221187249,
                    0.16787261382342394,
                    -373.5061139068116
                ],
                [
                    -0.992454787614193,
                    -0.12084425422331001,
                    0.02074031732831038,
                    -50.99427575295613
                ],
                [
                    -7.839926960466805e-07,
                    -0.16914897349429234,
                    -0.9855904954722385,
                    2186.988878803605
                ],
                [
                    0.0,
                    0.0,
                    0.0,
                    1.0
                ]
            ],
            "frame_id": 16
        },
        {
            "file_path": "images/frame_0017.jpg",
            "transform_matrix": [
                [
                    0.23406516172131386,
                    -0.9581096382581081,
                    0.1650436946547559,
                    -367.2510420018578
                ],
                [
                    -0.9722209111450881,
                    -0.2306676954567735,
                    0.0397355534109671,
                    -93.1040156000106
                ],
                [
                    -7.680088835420275e-07,
                    -0.16975963993122248,
                    -0.9854854969251612,
                    2186.9887647154037
                ],
                [
                    0.0,
                    0.0,
                    0.0,
                    1.0
                ]
            ],
            "frame_id": 17
        },
        {
            "file_path": "images/frame_0018.jpg",
            "transform_matrix": [
                [
                    0.336641279004633,
                    -0.9278517936694693,
                    0.1605107418663118,
                    -357.20824074056014
                ],
                [
                    -0.9416329695107175,
                    -0.33171426433144996,
                    0.05738464576411821,
                    -132.24060097267545
                ],
                [
                    -7.438458453009414e-07,
                    -0.170460247047204,
                    -0.9853645539474482,
                    2186.9886412519722
                ],
                [
                    0.0,
                    0.0,
                    0.0,
                    1.0
                ]
            ],
            "frame_id": 18
        },
        {
            "file_path": "images/frame_0019.jpg",
            "transform_matrix": [
                [
                    0.43124445896614005,
                    -0.8889266349451503,
                    0.154394476248642,
                    -343.636957888211
                ],
                [
                    -0.9022351226872588,
                    -0.4248832196214145,
                    0.07379724299489482,
                    -168.64434576969597
                ],
                [
                    -7.127233963135863e-07,
                    -0.17112477134895476,
                    -0.9852493657091385,
                    2186.988525096006
                ],
                [
                    0.0,
                    0.0,
                    0.0,
                    1.0
                ]
            ],
            "frame_id": 19
        },
        {
            "file_path": "images/frame_0020.jpg",
            "transform_matrix": [
                [
                    0.5184983716413103,
                    -0.8423837597163399,
                    0.14679591265247777,
                    -326.75654654185666
                ],
                [
                    -0.8550786154529031,
                    -0.5108003917470337,
                    0.08901416284065995,
                    -202.4014434059169
                ],
                [
                    -6.75471968639963e-07,
                    -0.1716757442309227,
                    -0.9851535102928392,
                    2186.98842670247
                ],
                [
                    0.0,
                    0.0,
                    0.0,
                    1.0
                ]
            ],
            "frame_id": 20
        },
        {
            "file_path": "images/frame_0021.jpg",
            "transform_matrix": [
                [
                    0.598857316735354,
                    -0.7889114464794947,
                    0.13779928811921974,
                    -306.75190261356767
                ],
                [
                    -0.8008557386896421,
                    -0.5899255762320771,
                    0.10304319635531492,
                    -233.52443661447433
                ],
                [
                    -6.326384413406109e-07,
                    -0.17206552275480255,
                    -0.9850855068869488,
                    2186.98835262107
                ],
                [
                    0.0,
                    0.0,
                    0.0,
                    1.0
                ]
            ],
            "frame_id": 21
        },
        {
            "file_path": "images/frame_0022.jpg",
            "transform_matrix": [
                [
                    0.6726250823628405,
                    -0.7289210294757263,
                    0.12747404192395181,
                    -283.77721678300315
                ],
                [
                    -0.7399834447986255,
                    -0.6625695077836857,
                    0.1158712595048662,
                    -261.97982034546544
                ],
                [
                    -5.845521864311327e-07,
                    -0.172266596133237,
                    -0.9850503641217166,
                    2186.988306679589
                ],
                [
                    0.0,
                    0.0,
                    0.0,
                    1.0
                ]
            ],
            "frame_id": 22
        },
        {
            "file_path": "images/frame_0023.jpg",
            "transform_matrix": [
                [
                    0.739953280355485,
                    -0.6626023630167484,
                    0.1158760174314716,
                    -257.9581789127133
                ],
                [
                    -0.6726582660540753,
                    -0.728891214590684,
                    0.12746942536013484,
                    -287.69964950023393
                ],
                [
                    -5.31368455724124e-07,
                    -0.17226638040296588,
                    -0.9850504018488488,
                    2186.9882906167745
                ],
                [
                    0.0,
                    0.0,
                    0.0,
                    1.0
                ]
            ],
            "frame_id": 23
        },
        {
            "file_path": "images/frame_0024.jpg",
            "transform_matrix": [
                [
                    0.8008299957397548,
                    -0.5899597044850756,
                    0.10304787725783913,
                    -229.39252609798734
                ],
                [
                    -0.5988917414051061,
                    -0.7888860599708065,
                    0.13779501609454775,
                    -310.5865337214998
                ],
                [
                    -4.7309636361541233e-07,
                    -0.17206490481100303,
                    -0.9850856148234817,
                    2186.9883043584427
                ],
                [
                    0.0,
                    0.0,
                    0.0,
                    1.0
                ]
            ],
            "frame_id": 24
        },
        {
            "file_path": "images/frame_0025.jpg",
            "transform_matrix": [
                [
                    0.8550582287216312,
                    -0.5108337553509686,
                    0.08901853677439235,
                    -198.14844325211334
                ],
                [
                    -0.5185319908118103,
                    -0.8423637180360668,
                    0.14679216954999597,
                    -330.51523054451945
                ],
                [
                    -4.0961593305109716e-07,
                    -0.17167481157840497,
                    -0.9851536728192977,
                    2186.9883460201054
                ],
                [
                    0.0,
                    0.0,
                    0.0,
                    1.0
                ]
            ],
            "frame_id": 25
        },
        {
            "file_path": "images/frame_0026.jpg",
            "transform_matrix": [
                [
                    0.9022204831862604,
                    -0.4249136399964749,
                    0.07380107224218621,
                    -164.25954893788077
                ],
                [
                    -0.4312750859011382,
                    -0.8889123063749377,
                    0.15439142416648077,
                    -347.33209922277865
                ],
                [
                    -3.406870739917496e-07,
                    -0.17112366908214238,
                    -0.9852495571578548,
                    2186.988411615611
                ],
                [
                    0.0,
                    0.0,
                    0.0,
                    1.0
                ]
            ],
            "frame_id": 26
        },
        {
            "file_path": "images/frame_0027.jpg",
            "transform_matrix": [
                [
                    0.941623866392944,
                    -0.33173957773129675,
                    0.05738768862625631,
                    -127.7132425404464
                ],
                [
                    -0.3366667406191655,
                    -0.9278429402044368,
                    0.16050851713741981,
                    -360.8529045026977
                ],
                [
                    -2.659509218613698e-07,
                    -0.17045917657740464,
                    -0.9853647391298729,
                    2186.988494427767
                ],
                [
                    0.0,
                    0.0,
                    0.0,
                    1.0
                ]
            ],
            "frame_id": 27
        },
        {
            "file_path": "images/frame_0028.jpg",
            "transform_matrix": [
                [
                    0.9722164996249102,
                    -0.230685941426277,
                    0.03973756768298105,
                    -88.42299364462752
                ],
                [
                    -0.23408348480201033,
                    -0.9581053840038048,
                    0.16504240450826194,
                    -370.8590789565037
                ],
                [
                    -1.8491496505036123e-07,
                    -0.16975885712148864,
                    -0.9854856317718547,
                    2186.988583799672
                ],
                [
                    0.0,
                    0.0,
                    0.0,
                    1.0
                ]
            ],
            "frame_id": 28
        },
        {
            "file_path": "images/frame_0029.jpg",
            "transform_matrix": [
                [
                    0.9924535976926985,
                    -0.12085389847562623,
                    0.020741061931894855,
                    -46.147556661789565
                ],
                [
                    -0.12262078301336314,
                    -0.9781528628773476,
                    0.16787233368854634,
                    -377.09230766848043
                ],
                [
                    -9.68646626650274e-08,
                    -0.16914878677688452,
                    -0.9855905275173349,
                    2186.9886627457054
                ],
                [
                    0.0,
                    0.0,
                    0.0,
                    1.0
                ]
            ],
            "frame_id": 29
        },
        {
            "file_path": "images/frame_0030.jpg",
            "transform_matrix": [
                [
                    1.0,
                    -2.820784434646675e-12,
                    4.832982935108567e-13,
                    -1.0396092875453178e-09
                ],
                [
                    -2.8619036819533233e-12,
                    -0.9856412068736324,
                    0.1688532241702514,
                    -379.2470813051468
                ],
                [
                    7.888841490554029e-17,
                    -0.16885322417025148,
                    -0.9856412068736325,
                    2186.988701367881
                ],
                [
                    0.0,
                    0.0,
                    0.0,
                    1.0
                ]
            ],
            "frame_id": 30
        },
        {
            "file_path": "images/frame_0031.jpg",
            "transform_matrix": [
                [
                    0.9924535976937413,
                    0.12085389846735088,
                    -0.020741061930214882,
                    46.147556658301426
                ],
                [
                    0.12262078300492293,
                    -0.9781528628787257,
                    0.16787233368668192,
                    -377.09230766817825
                ],
                [
                    9.686466286984853e-08,
                    -0.16914878677482828,
                    -0.9855905275176882,
                    2186.9886627453543
                ],
                [
                    0.0,
                    0.0,
                    0.0,
                    1.0
                ]
            ],
            "frame_id": 31
        },
        {
            "file_path": "images/frame_0032.jpg",
            "transform_matrix": [
                [
                    0.9722164996268531,
                    0.23068594141825988,
                    -0.039737567681981674,
                    88.42299364114143
                ],
                [
                    0.23408348479393995,
                    -0.9581053840054543,
                    0.1650424045101324,
                    -370.8590789564357
                ],
                [
                    1.8491496533709962e-07,
                    -0.16975885712307331,
                    -0.9854856317715818,
                    2186.988583799593
                ],
                [
                    0.0,
                    0.0,
                    0.0,
                    1.0
                ]
            ],
            "frame_id": 32
        },
        {
            "file_path": "images/frame_0033.jpg",
            "transform_matrix": [
                [
                    0.9416238663956392,
                    0.3317395777238925,
                    -0.05738768862483044,
                    127.71324253725533
                ],
                [
                    0.3366667406116266,
                    -0.9278429402071608,
                    0.16050851713748598,
                    -360.8529045023241
                ],
                [
                    2.659509220742096e-07,
                    -0.17045917657698675,
                    -0.9853647391299449,
                    2186.988494427333
                ],
                [
                    0.0,
                    0.0,
                    0.0,
                    1.0
                ]
            ],
            "frame_id": 33
        },
        {
            "file_path": "images/frame_0034.jpg",
            "transform_matrix": [
                [
                    0.9022204831901897,
                    0.4249136399883612,
                    -0.07380107224086849,
                    164.25954893577227
                ],
                [
                    0.43127508589291863,
                    -0.8889123063787767,
                    0.15439142416733836,
                    -347.3320992267546
                ],
                [
                    3.4068707371340316e-07,
                    -0.17112366908234758,
                    -0.9852495571578193,
                    2186.9884116138055
                ],
                [
                    0.0,
                    0.0,
                    0.0,
                    1.0
                ]
            ],
            "frame_id": 34
        },
        {
            "file_path": "images/frame_0035.jpg",
            "transform_matrix": [
                [
                    0.8550582287273694,
                    0.5108337553417384,
                    -0.08901853677223957,
                    198.14844324904703
                ],
                [
                    0.5185319908023475,
                    -0.8423637180418716,
                    0.14679216955010996,
                    -330.51523054775623
                ],
                [
                    4.096159329510981e-07,
                    -0.171674811577386,
                    -0.9851536728194747,
                    2186.9883460210094
                ],
                [
                    0.0,
                    0.0,
                    0.0,
                    1.0
                ]
            ],
            "frame_id": 35
        },
        {
            "file_path": "images/frame_0036.jpg",
            "transform_matrix": [
                [
                    0.800829995743794,
                    0.5899597044796216,
                    -0.10304787725767424,
                    229.3925260946486
                ],
                [
                    0.5988917413997051,
                    -0.7888860599746068,
                    0.1377950160962652,
                    -310.5865337217547
                ],
                [
                    4.7309636374498375e-07,
                    -0.17206490481227965,
                    -0.9850856148232586,
                    2186.988304358739
                ],
                [
                    0.0,
                    0.0,
                    0.0,
                    1.0
                ]
            ],
            "frame_id": 36
        },
        {
            "file_path": "images/frame_0037.jpg",
            "transform_matrix": [
                [
                    0.7399532803596705,
                    0.6626023630122326,
                    -0.11587601743056401,
                    257.95817890933773
                ],
                [
                    0.6726582660494708,
                    -0.7288912145948289,
                    0.12746942536072958,
                    -287.6996495004088
                ],
                [
                    5.313684553744846e-07,
                    -0.1722663804027954,
                    -0.9850504018488785,
                    2186.988290616978
                ],
                [
                    0.0,
                    0.0,
                    0.0,
                    1.0
                ]
            ],
            "frame_id": 37
        },
        {
            "file_path": "images/frame_0038.jpg",
            "transform_matrix": [
                [
                    0.6726250823656315,
                    0.7289210294733723,
                    -0.12747404192268738,
                    283.77721678090546
                ],
                [
                    0.7399834447960888,
                    -0.6625695077865664,
                    0.11587125950459527,
                    -261.9798203451385
                ],
                [
                    5.845521866958998e-07,
                    -0.17226659613211903,
                    -0.9850503641219124,
                    2186.9883066792095
                ],
                [
                    0.0,
                    0.0,
                    0.0,
                    1.0
                ]
            ],
            "frame_id": 38
        },
        {
            "file_path": "images/frame_0039.jpg",
            "transform_matrix": [
                [
                    0.5988573167393927,
                    0.7889114464765726,
                    -0.1377992881183967,
                    306.7519026098918
                ],
                [
                    0.8008557386866217,
                    -0.5899255762360953,
                    0.1030431963557831,
                    -233.52443661427174
                ],
                [
                    6.32638441483266e-07,
                    -0.17206552275442383,
                    -0.9850855068870148,
                    2186.988352620835
                ],
                [
                    0.0,
                    0.0,
                    0.0,
                    1.0
                ]
            ],
            "frame_id": 39
        },
        {
            "file_path": "images/frame_0040.jpg",
            "transform_matrix": [
                [
                    0.5184983716450524,
                    0.8423837597141848,
                    -0.14679591265162406,
                    326.7565465388286
                ],
                [
                    0.8550786154506337,
                    -0.5108003917507692,
                    0.08901416284102119,
                    -202.4014434058471
                ],
                [
                    6.754719688790915e-07,
                    -0.1716757442303799,
                    -0.9851535102929333,
                    2186.988426702389
                ],
                [
                    0.0,
                    0.0,
                    0.0,
                    1.0
                ]
            ],
            "frame_id": 40
        },
        {
            "file_path": "images/frame_0041.jpg",
            "transform_matrix": [
                [
                    0.4312444589694346,
                    0.8889266349436287,
                    -0.15439447624820152,
                    343.63695788467913
                ],
                [
                    0.9022351226856843,
                    -0.42488321962467496,
                    0.07379724299537578,
                    -168.6443457695159
                ],
                [
                    7.127233954450669e-07,
                    -0.1711247713487648,
                    -0.9852493657091718,
                    2186.988525095797
                ],
                [
                    0.0,
                    0.0,
                    0.0,
                    1.0
                ]
            ],
            "frame_id": 41
        },
        {
            "file_path": "images/frame_0042.jpg",
            "transform_matrix": [
                [
                    0.3366412790064307,
                    0.9278517936688391,
                    -0.16051074186618336,
                    357.2082407381087
                ],
                [
                    0.9416329695100746,
                    -0.33171426433322265,
                    0.057384645764418325,
                    -132.24060097271752
                ],
                [
                    7.43845845619879e-07,
                    -0.170460247047184,
                    -0.9853645539474511,
                    2186.9886412520214
                ],
                [
                    0.0,
                    0.0,
                    0.0,
                    1.0
                ]
            ],
            "frame_id": 42
        },
        {
            "file_path": "images/frame_0043.jpg",
            "transform_matrix": [
                [
                    0.23406516172325673,
                    0.9581096382578228,
                    -0.16504369465365804,
                    367.25104199841184
                ],
                [
                    0.9722209111446205,
                    -0.23066769545873034,
                    0.03973555341105259,
                    -93.10401560019113
                ],
                [
                    7.68008884240572e-07,
                    -0.16975963993017504,
                    -0.9854854969253418,
                    2186.9887647156133
                ],
                [
                    0.0,
                    0.0,
                    0.0,
                    1.0
                ]
            ],
            "frame_id": 43
        },
        {
            "file_path": "images/frame_0044.jpg",
            "transform_matrix": [
                [
                    0.1226111517727155,
                    0.9781540221196757,
                    -0.16787261382390353,
                    373.5061139030213
                ],
                [
                    0.9924547876152111,
                    -0.1208442542151829,
                    0.020740317326954805,
                    -50.99427574945753
                ],
                [
                    7.839926962454751e-07,
                    -0.16914897349460212,
                    -0.9855904954721856,
                    2186.9888788031103
                ],
                [
                    0.0,
                    0.0,
                    0.0,
                    1.0
                ]
            ],
            "frame_id": 44
        },
        {
            "file_path": "images/frame_0045.jpg",
            "transform_matrix": [
                [
                    -1.4978480325113814e-12,
