{
  "camera_model": "PINHOLE",
  "frames": [
    {
      "cx": 1024.0,
      "cy": 1024.0,
      "file_path": "./images/frame_0000.jpg",
      "fl_x": 7751.432258381698,
      "fl_y": 7750.615817510835,
      "transform_matrix": [
        [
          -1.0,
          -2.8199501576613933e-12,
          4.831243285003007e-13,
          -1.1548206383566385e-09
        ],
        [
          -2.8610361772129403e-12,
          0.9856414736444521,
          -0.1688516669505888,
          369.1914226015367
        ],
        [
          -3.409025782093154e-17,
          -0.1688516669505888,
          -0.9856414736444522,
          2186.9892925901963
        ],
        [
          0.0,
          0.0,
          0.0,
          1.0
        ]
      ]
    },
    {
      "cx": 1024.0,
      "cy": 1024.0,
      "file_path": "./images/frame_0001.jpg",
      "fl_x": 7751.432258381698,
      "fl_y": 7750.615817510835,
      "transform_matrix": [
        [
          -0.9924550385859705,
          -0.12083903291868728,
          0.02075872126603481,
          -46.18660566091667
        ],
        [
          -0.12260911881038473,
          0.9781536757285637,
          -0.16787611695308538,
          367.04736936860945
        ],
        [
          -1.9231887041373655e-05,
          -0.16915470665039575,
          -0.9855895113322575,
          2187.0160521475304
        ],
        [
          0.0,
          0.0,
          0.0,
          1.0
        ]
      ]
    },
    {
      "cx": 1024.0,
      "cy": 1024.0,
      "file_path": "./images/frame_0002.jpg",
      "fl_x": 7751.432258381698,
      "fl_y": 7750.615817510835,
      "transform_matrix": [
        [
          -0.9722182643302651,
          -0.23069227617301935,
          0.03965753669551405,
          -88.23956262290973
        ],
        [
          -0.23407613111923123,
          0.9580863838104674,
          -0.16516308908842794,
          361.05235279325007
        ],
        [
          0.00010650303814065698,
          -0.16985745456438145,
          -0.9854686366323434,
          2186.960230761415
        ],
        [
          0.0,
          0.0,
          0.0,
          1.0
        ]
      ]
    },
    {
      "cx": 1024.0,
      "cy": 1024.0,
      "file_path": "./images/frame_0003.jpg",
      "fl_x": 7751.432258381698,
      "fl_y": 7750.615817510835,
      "transform_matrix": [
        [
          -0.9416399392953247,
          -0.33173997006302813,
          0.057121073050820446,
          -127.10820101278
        ],
        [
          -0.3366216137899552,
          0.927813372182731,
          -0.16077386456869827,
          351.32455118929045
        ],
        [
          0.0003374216089594744,
          -0.17061927986452505,
          -0.9853369715407858,
          2186.896700480427
        ],
        [
          0.0,
          0.0,
          0.0,
          1.0
        ]
      ]
    },
    {
      "cx": 1024.0,
      "cy": 1024.0,
      "file_path": "./images/frame_0004.jpg",
      "fl_x": 7751.432258381698,
      "fl_y": 7750.615817510835,
      "transform_matrix": [
        [
          -0.9022384675897052,
          -0.4249213927935408,
          0.07353609690330401,
          -163.66038811133492
        ],
        [
          -0.4312373251000891,
          0.8888883783102803,
          -0.15463447334095523,
          337.71015730228027
        ],
        [
          0.0003421138622888617,
          -0.17122867999056687,
          -0.985231253111059,
          2186.9385617267867
        ],
        [
          0.0,
          0.0,
          0.0,
          1.0
        ]
      ]
    },
    {
      "cx": 1024.0,
      "cy": 1024.0,
      "file_path": "./images/frame_0005.jpg",
      "fl_x": 7751.432258381698,
      "fl_y": 7750.615817510835,
      "transform_matrix": [
        [
          -0.8550802928754729,
          -0.5108516700516179,
          0.08870323523676091,
          -197.43367604267507
        ],
        [
          -0.5184954244791514,
          0.8423310706272602,
          -0.1471083350803683,
          320.9972210048222
        ],
        [
          0.00043304754923662205,
          -0.1717816598517029,
          -0.9851349520793655,
          2186.937694989616
        ],
        [
          0.0,
          0.0,
          0.0,
          1.0
        ]
      ]
    },
    {
      "cx": 1024.0,
      "cy": 1024.0,
      "file_path": "./images/frame_0006.jpg",
      "fl_x": 7751.432258381698,
      "fl_y": 7750.615817510835,
      "transform_matrix": [
        [
          -0.8008673244145698,
          -0.5899671837153545,
          0.10271441390583627,
          -228.6338900705338
        ],
        [
          -0.5988416280088671,
          0.7888601470949522,
          -0.13816067779588392,
          301.1007036225033
        ],
        [
          0.0004829583169123569,
          -0.17215803920904088,
          -0.9850692241091287,
          2186.9004806523194
        ],
        [
          0.0,
          0.0,
          0.0,
          1.0
        ]
      ]
    },
    {
      "cx": 1024.0,
      "cy": 1024.0,
      "file_path": "./images/frame_0007.jpg",
      "fl_x": 7751.432258381698,
      "fl_y": 7750.615817510835,
      "transform_matrix": [
        [
          -0.7399785712056989,
          -0.6626171255340249,
          0.11562983657082229,
          -257.39023092974776
        ],
        [
          -0.6726302770146969,
          0.728841351868212,
          -0.12790150214147472,
          278.2831082352345
        ],
        [
          0.0004739192978893641,
          -0.1724204998135078,
          -0.9850233228937048,
          2186.874464848882
        ],
        [
          0.0,
          0.0,
          0.0,
          1.0
        ]
      ]
    },
    {
      "cx": 1024.0,
      "cy": 1024.0,
      "file_path": "./images/frame_0008.jpg",
      "fl_x": 7751.432258381698,
      "fl_y": 7750.615817510835,
      "transform_matrix": [
        [
          -0.6726557556781959,
          -0.7289508511459908,
          0.12714122449674484,
          -283.009990236069
        ],
        [
          -0.7399553457025013,
          0.662520237835602,
          -0.11633151260320795,
          252.53792889642943
        ],
        [
          0.0005663208349159486,
          -0.17232989024482645,
          -0.9850391302932684,
          2186.9211011417997
        ],
        [
          0.0,
          0.0,
          0.0,
          1.0
        ]
      ]
    },
    {
      "cx": 1024.0,
      "cy": 1024.0,
      "file_path": "./images/frame_0009.jpg",
      "fl_x": 7751.432258381698,
      "fl_y": 7750.615817510835,
      "transform_matrix": [
        [
          -0.5988977578570239,
          -0.7889566009922525,
          0.13736432355084205,
          -305.7552105298188
        ],
        [
          -0.800825270939822,
          0.5898927298783225,
          -0.1034671574020487,
          223.903914918673
        ],
        [
          0.0006008810109554059,
          -0.17197107020499527,
          -0.9851018170496686,
          2186.996679431716
        ],
        [
          0.0,
          0.0,
          0.0,
          1.0
        ]
      ]
    },
    {
      "cx": 1024.0,
      "cy": 1024.0,
      "file_path": "./images/frame_0010.jpg",
      "fl_x": 7751.432258381698,
      "fl_y": 7750.615817510835,
      "transform_matrix": [
        [
          -0.518529482074048,
          -0.8424265911604121,
          0.14643979898194168,
          -325.9254529972068
        ],
        [
          -0.8550595279054932,
          0.5107448255955784,
          -0.08951495330603239,
          192.8372091066559
        ],
        [
          0.0006164073802009373,
          -0.17163088775973362,
          -0.9851611332207292,
          2186.940866874418
        ],
        [
          0.0,
          0.0,
          0.0,
          1.0
        ]
      ]
    },
    {
      "cx": 1024.0,
      "cy": 1024.0,
      "file_path": "./images/frame_0011.jpg",
      "fl_x": 7751.432258381698,
      "fl_y": 7750.615817510835,
      "transform_matrix": [
        [
          -0.4312749641673936,
          -0.88897268849298,
          0.15404370936840053,
          -342.81257685978613
        ],
        [
          -0.9022202633519941,
          0.4248081214807056,
          -0.07440871132530404,
          159.209081722648
        ],
        [
          0.0007082933514435697,
          -0.1710719703446388,
          -0.9852582804944757,
          2186.9154045203227
        ],
        [
          0.0,
          0.0,
          0.0,
          1.0
        ]
      ]
    },
    {
      "cx": 1024.0,
      "cy": 1024.0,
      "file_path": "./images/frame_0012.jpg",
      "fl_x": 7751.432258381698,
      "fl_y": 7750.615817510835,
      "transform_matrix": [
        [
          -0.3366862539909197,
          -0.9279047364053885,
          0.16010985769154157,
          -356.26636861127014
        ],
        [
          -0.9416165587113753,
          0.3316406930382201,
          -0.05807501254131217,
          122.85611693759901
        ],
        [
          0.0007891350368122947,
          -0.17031515163828767,
          -0.9853893273160199,
          2186.959751710766
        ],
        [
          0.0,
          0.0,
          0.0,
          1.0
        ]
      ]
    },
    {
      "cx": 1024.0,
      "cy": 1024.0,
      "file_path": "./images/frame_0013.jpg",
      "fl_x": 7751.432258381698,
      "fl_y": 7750.615817510835,
      "transform_matrix": [
        [
          -0.23410690851686342,
          -0.9581743526718137,
          0.16460821749423504,
          -366.22812994601117
        ],
        [
          -0.9722104372642655,
          0.23056903470574303,
          -0.04055596021904913,
          83.87605303079734
        ],
        [
          0.0009061231175924401,
          -0.16952825757617593,
          -0.9855249103011469,
          2187.002395998591
        ],
        [
          0.0,
          0.0,
          0.0,
          1.0
        ]
      ]
    },
    {
      "cx": 1024.0,
      "cy": 1024.0,
      "file_path": "./images/frame_0014.jpg",
      "fl_x": 7751.432258381698,
      "fl_y": 7750.615817510835,
      "transform_matrix": [
        [
          -0.12265960463893617,
          -0.9782365415011185,
          0.1673555803125507,
          -372.29391825065045
        ],
        [
          -0.9924482863767579,
          0.1207313836751745,
          -0.021687135903907074,
          41.905824501533424
        ],
        [
          0.0010100780448067397,
          -0.168751894412503,
          -0.98565804307302,
          2187.0580236328997
        ],
        [
          0.0,
          0.0,
          0.0,
          1.0
        ]
      ]
    },
    {
      "cx": 1024.0,
      "cy": 1024.0,
      "file_path": "./images/frame_0015.jpg",
      "fl_x": 7751.432258381698,
      "fl_y": 7750.615817510835,
      "transform_matrix": [
        [
          -5.485403128827163e-05,
          -0.9857489157106949,
          0.168223280690359,
          -374.20975677391414
        ],
        [
          -0.9999994400625613,
          -0.0001237092246426967,
          -0.0010509855348376396,
          -3.988573270819471
        ],
        [
          0.0010568186230148885,
          -0.16822324414663928,
          -0.9857483569670209,
          2187.1956069745424
        ],
        [
          0.0,
          0.0,
          0.0,
          1.0
        ]
      ]
    },
    {
      "cx": 1024.0,
      "cy": 1024.0,
      "file_path": "./images/frame_0016.jpg",
      "fl_x": 7751.432258381698,
      "fl_y": 7750.615817510835,
      "transform_matrix": [
        [
          0.12255300960838687,
          -0.9782498239588135,
          0.16735603293720994,
          -372.29862726985067
        ],
        [
          -0.9924614723162087,
          -0.12096667658895363,
          0.019679662674193688,
          -50.08998606217998
        ],
        [
          0.0009928765649269305,
          -0.16850621673866328,
          -0.985700090857535,
          2187.168641361682
        ],
        [
          0.0,
          0.0,
          0.0,
          1.0
        ]
      ]
    },
    {
      "cx": 1024.0,
      "cy": 1024.0,
      "file_path": "./images/frame_0017.jpg",
      "fl_x": 7751.432258381698,
      "fl_y": 7750.615817510835,
      "transform_matrix": [
        [
          0.2340092285131394,
          -0.9582171324856802,
          0.16449804856471636,
          -365.97722752843765
        ],
        [
          -0.972233840908534,
          -0.23081269765696377,
          0.03855978724718388,
          -92.08653867558075
        ],
        [
          0.001019589583273991,
          -0.16895391564337756,
          -0.9856234244506601,
          2187.2293281517896
        ],
        [
          0.0,
          0.0,
          0.0,
          1.0
        ]
      ]
    },
    {
      "cx": 1024.0,
      "cy": 1024.0,
      "file_path": "./images/frame_0018.jpg",
      "fl_x": 7751.432258381698,
      "fl_y": 7750.615817510835,
      "transform_matrix": [
        [
          0.33659032562165453,
          -0.9279601732834737,
          0.1599902168809625,
          -355.9870810741478
        ],
        [
          -0.9416505681123154,
          -0.33189065263054696,
          0.056060701656564814,
          -131.02751973213446
        ],
        [
          0.0010771590715063827,
          -0.16952436844353216,
          -0.9855254071976834,
          2187.282607534961
        ],
        [
          0.0,
          0.0,
          0.0,
          1.0
        ]
      ]
    },
    {
      "cx": 1024.0,
      "cy": 1024.0,
      "file_path": "./images/frame_0019.jpg",
      "fl_x": 7751.432258381698,
      "fl_y": 7750.615817510835,
      "transform_matrix": [
        [
          0.4311972524296,
          -0.8890341676701211,
          0.15390639431896425,
          -342.49410660848474
        ],
        [
          -0.9022570404774353,
          -0.425081141573747,
          0.07237579697154188,
          -167.33903634041727
        ],
        [
          0.001078149372548135,
          -0.17007137264531272,
          -0.985431157311598,
          2187.338428191424
        ],
        [
          0.0,
          0.0,
          0.0,
          1.0
        ]
      ]
    },
    {
      "cx": 1024.0,
      "cy": 1024.0,
      "file_path": "./images/frame_0020.jpg",
      "fl_x": 7751.432258381698,
      "fl_y": 7750.615817510835,
      "transform_matrix": [
        [
          0.5184526651275432,
          -0.8424936455978967,
          0.14632597564790806,
          -325.6607410522463
        ],
        [
          -0.855105673280062,
          -0.5110171070663865,
          0.08749745030429162,
          -201.0052694187007
        ],
        [
          0.0010590308768770552,
          -0.17048745822689124,
          -0.9853592771374989,
          2187.41974844888
        ],
        [
          0.0,
          0.0,
          0.0,
          1.0
        ]
      ]
    },
    {
      "cx": 1024.0,
      "cy": 1024.0,
      "file_path": "./images/frame_0021.jpg",
      "fl_x": 7751.432258381698,
      "fl_y": 7750.615817510835,
      "transform_matrix": [
        [
          0.5988123891353256,
          -0.7890375372355596,
          0.1372715828250157,
          -305.53333665457393
        ],
        [
          -0.8008887072721141,
          -0.590164664683371,
          0.1014048673544087,
          -231.97086342803476
        ],
        [
          0.0010005908474596977,
          -0.17066175140436815,
          -0.9853291660280583,
          2187.519256119246
        ],
        [
          0.0,
          0.0,
          0.0,
          1.0
        ]
      ]
    },
    {
      "cx": 1024.0,
      "cy": 1024.0,
      "file_path": "./images/frame_0022.jpg",
      "fl_x": 7751.432258381698,
      "fl_y": 7750.615817510835,
      "transform_matrix": [
        [
          0.6725751756997862,
          -0.729051805919698,
          0.1269885716024493,
          -282.6578495142764
        ],
        [
          -0.7400281976697028,
          -0.6628181297816883,
          0.11415074895259453,
          -260.34688306017176
        ],
        [
          0.0009485178622083233,
          -0.17075008380066387,
          -0.9853139140375179,
          2187.5819892710842
        ],
        [
          0.0,
          0.0,
          0.0,
          1.0
        ]
      ]
    },
    {
      "cx": 1024.0,
      "cy": 1024.0,
      "file_path": "./images/frame_0023.jpg",
      "fl_x": 7751.432258381698,
      "fl_y": 7750.615817510835,
      "transform_matrix": [
        [
          0.7399146970309779,
          -0.6627288942179321,
          0.11539780711188201,
          -256.8575211873473
        ],
        [
          -0.6727002329246357,
          -0.729149666687198,
          0.125758340451387,
          -286.1814774666329
        ],
        [
          0.0007985866860323927,
          -0.17067857609736198,
          -0.9853264362233868,
          2187.5991967631558
        ],
        [
          0.0,
          0.0,
          0.0,
          1.0
        ]
      ]
    },
    {
      "cx": 1024.0,
      "cy": 1024.0,
      "file_path": "./images/frame_0024.jpg",
      "fl_x": 7751.432258381698,
      "fl_y": 7750.615817510835,
      "transform_matrix": [
        [
          0.8007916967516697,
          -0.5900868891470256,
          0.10261638110149393,
          -228.4031114648978
        ],
        [
          -0.59894247437506,
          -0.7891665580227304,
          0.13595608146764265,
          -308.86834367165716
        ],
        [
          0.0007555150967539258,
          -0.17033381037052475,
          -0.9853861285006988,
          2187.6786921572084
        ],
        [
          0.0,
          0.0,
          0.0,
          1.0
        ]
      ]
    },
    {
      "cx": 1024.0,
      "cy": 1024.0,
      "file_path": "./images/frame_0025.jpg",
      "fl_x": 7751.432258381698,
      "fl_y": 7750.615817510835,
      "transform_matrix": [
        [
          0.8550330036909676,
          -0.5109469709360314,
          0.08861013198554155,
          -197.21258031987276
        ],
        [
          -0.5185732127274127,
          -0.8426621313569881,
          0.1449218941998299,
          -328.79817560442507
        ],
        [
          0.0006209998150453872,
          -0.1698638433222076,
          -0.9854673455224366,
          2187.710100752944
        ],
        [
          0.0,
          0.0,
          0.0,
          1.0
        ]
      ]
    },
    {
      "cx": 1024.0,
      "cy": 1024.0,
      "file_path": "./images/frame_0026.jpg",
      "fl_x": 7751.432258381698,
      "fl_y": 7750.615817510835,
      "transform_matrix": [
        [
          0.9022048376345437,
          -0.42502617214792676,
          0.07334292016349583,
          -163.22056201634297
        ],
        [
          -0.43130761851861416,
          -0.8892267184663212,
          0.15247813408296024,
          -345.5886322256684
        ],
        [
          0.0004112865541838255,
          -0.16919987043405343,
          -0.9855816732714092,
          2187.7978245701265
        ],
        [
          0.0,
          0.0,
          0.0,
          1.0
        ]
      ]
    },
    {
      "cx": 1024.0,
      "cy": 1024.0,
      "file_path": "./images/frame_0027.jpg",
      "fl_x": 7751.432258381698,
      "fl_y": 7750.615817510835,
      "transform_matrix": [
        [
          0.9416184105702563,
          -0.33182876986285265,
          0.056959954059388716,
          -126.74410738694056
        ],
        [
          -0.33668193657771883,
          -0.9281484624013776,
          0.15870004828049927,
          -359.38733554600884
        ],
        [
          0.00020605198058132692,
          -0.16861227485939975,
          -0.9856824327892414,
          2187.723110887697
        ],
        [
          0.0,
          0.0,
          0.0,
          1.0
        ]
      ]
    },
    {
      "cx": 1024.0,
      "cy": 1024.0,
      "file_path": "./images/frame_0028.jpg",
      "fl_x": 7751.432258381698,
      "fl_y": 7750.615817510835,
      "transform_matrix": [
        [
          0.9722155325106956,
          -0.23075095451090516,
          0.039382170296417704,
          -87.61462837320332
        ],
        [
          -0.23408748814908514,
          -0.9584148423228606,
          0.1632300153381831,
          -369.41962816910615
        ],
        [
          7.897469085777703e-05,
          -0.16791362960628817,
          -0.9858017076245332,
          2187.702490354303
        ],
        [
          0.0,
          0.0,
          0.0,
          1.0
        ]
      ]
    },
    {
      "cx": 1024.0,
      "cy": 1024.0,
      "file_path": "./images/frame_0029.jpg",
      "fl_x": 7751.432258381698,
      "fl_y": 7750.615817510835,
      "transform_matrix": [
        [
          0.9924540314320426,
          -0.1209122556809274,
          0.020376994882339086,
          -45.318768260757615
        ],
        [
          -0.1226171863791131,
          -0.9784562172328829,
          0.16609773196159455,
          -375.7609909437815
        ],
        [
          -0.00014525410381515348,
          -0.1673429334763375,
          -0.9858987379628691,
          2187.687204020686
        ],
        [
          0.0,
          0.0,
          0.0,
          1.0
        ]
      ]
    },
    {
      "cx": 1024.0,
      "cy": 1024.0,
      "file_path": "./images/frame_0030.jpg",
      "fl_x": 7751.432258381698,
      "fl_y": 7750.615817510835,
      "transform_matrix": [
        [
          0.9999999655945071,
          -4.4644070352244736e-05,
          -0.00025849156951646493,
          0.5864472031759617
        ],
        [
          -8.143233726008753e-07,
          -0.98593478714782,
          0.1671304744537026,
          -378.0392532950841
        ],
        [
          -0.00026231721523023693,
          -0.16713046849300053,
          -0.9859347532626025,
          2187.65602078836
        ],
        [
          0.0,
          0.0,
          0.0,
          1.0
        ]
      ]
    },
    {
      "cx": 1024.0,
      "cy": 1024.0,
      "file_path": "./images/frame_0031.jpg",
      "fl_x": 7751.432258381698,
      "fl_y": 7750.615817510835,
      "transform_matrix": [
        [
          0.9924539576185063,
          0.12081410223313492,
          -0.020954586823945916,
          46.63137139247363
        ],
        [
          0.1226171095957307,
          -0.978450208923334,
          0.16613317878217174,
          -375.84357978780025
        ],
        [
          -0.0004317890100870473,
          -0.1674489216432345,
          -0.9858806581928492,
          2187.656686927075
        ],
        [
          0.0,
          0.0,
          0.0,
          1.0
        ]
      ]
    },
    {
      "cx": 1024.0,
      "cy": 1024.0,
      "file_path": "./images/frame_0032.jpg",
      "fl_x": 7751.432258381698,
      "fl_y": 7750.615817510835,
      "transform_matrix": [
        [
          0.9722142235240809,
          0.23063783885801523,
          -0.04007107266310389,
          89.17815721435629
        ],
        [
          0.23409188051853289,
          -0.958374976804781,
          0.1634576254254637,
          -369.92740464815734
        ],
        [
          -0.0007035998610529742,
          -0.16829614113620808,
          -0.9857362293361727,
          2187.5373455458484
        ],
        [
          0.0,
          0.0,
          0.0,
          1.0
        ]
      ]
    },
    {
      "cx": 1024.0,
      "cy": 1024.0,
      "file_path": "./images/frame_0033.jpg",
      "fl_x": 7751.432258381698,
      "fl_y": 7750.615817510835,
      "transform_matrix": [
        [
          0.94162117527036,
          0.33171748092973863,
          -0.05755931834282787,
          128.10369367419088
        ],
        [
          0.3366735929612217,
          -0.9280982086039706,
          0.15901134232714143,
          -360.07844045179263
        ],
        [
          -0.0006738583264285172,
          -0.16910714955827935,
          -0.9855974421046486,
          2187.504223584884
        ],
        [
          0.0,
          0.0,
          0.0,
          1.0
        ]
      ]
    },
    {
      "cx": 1024.0,
      "cy": 1024.0,
      "file_path": "./images/frame_0034.jpg",
      "fl_x": 7751.432258381698,
      "fl_y": 7750.615817510835,
      "transform_matrix": [
        [
          0.9022140115801267,
          0.42490035053159564,
          -0.07395653741638428,
          164.61142401493873
        ],
        [
          0.4312878961304686,
          -0.8891639314406553,
          0.15289948880343232,
          -346.5204761418347
        ],
        [
          -0.0007924391762099973,
          -0.16984462058930208,
          -0.9854705357833013,
          2187.4823792122597
        ],
        [
          0.0,
          0.0,
          0.0,
          1.0
        ]
      ]
    },
    {
      "cx": 1024.0,
      "cy": 1024.0,
      "file_path": "./images/frame_0035.jpg",
      "fl_x": 7751.432258381698,
      "fl_y": 7750.615817510835,
      "transform_matrix": [
        [
          0.8550505317871633,
          0.5108156590114273,
          -0.08919613556208689,
          198.5401802968203
        ],
        [
          0.5185438723415092,
          -0.8426086238120282,
          0.1453373989538562,
          -329.7181940622638
        ],
        [
          -0.0009168138097003615,
          -0.17052292979632058,
          -0.98535328175539,
          2187.384513834983
        ],
        [
          0.0,
          0.0,
          0.0,
          1.0
        ]
      ]
    },
    {
      "cx": 1024.0,
      "cy": 1024.0,
      "file_path": "./images/frame_0036.jpg",
      "fl_x": 7751.432258381698,
      "fl_y": 7750.615817510835,
      "transform_matrix": [
        [
          0.8008168810038606,
          0.5899587987581559,
          -0.10315492652842835,
          229.6238546354495
        ],
        [
          0.5989085011468263,
          -0.7891253346021287,
          0.13634446649257015,
          -309.7301620027836
        ],
        [
          -0.0009645482433257034,
          -0.17096731283176717,
          -0.9852762290798325,
          2187.375008404831
        ],
        [
          0.0,
          0.0,
          0.0,
          1.0
        ]
      ]
    },
    {
      "cx": 1024.0,
      "cy": 1024.0,
      "file_path": "./images/frame_0037.jpg",
      "fl_x": 7751.432258381698,
      "fl_y": 7750.615817510835,
      "transform_matrix": [
        [
          0.739942881330747,
          0.6626115480844992,
          -0.11588989909830506,
          257.9743850868791
        ],
        [
          0.6726689367245384,
          -0.7291384112303825,
          0.12599078868835106,
          -286.69538774397705
        ],
        [
          -0.0010168253690121928,
          -0.17118152240676268,
          -0.9852389824061328,
          2187.336580716195
        ],
        [
          0.0,
          0.0,
          0.0,
          1.0
        ]
      ]
    },
    {
      "cx": 1024.0,
      "cy": 1024.0,
      "file_path": "./images/frame_0038.jpg",
      "fl_x": 7751.432258381698,
      "fl_y": 7750.615817510835,
      "transform_matrix": [
        [
          0.6726210178302003,
          0.7289341572885805,
          -0.12742040931911056,
          283.6363489560473
        ],
        [
          0.7399863873159515,
          -0.6628190795709515,
          0.11441597066756258,
          -260.9412836256433
        ],
        [
          -0.0010549692645320866,
          -0.17124795500881498,
          -0.9852273975814656,
          2187.325250992491
        ],
        [
          0.0,
          0.0,
          0.0,
          1.0
        ]
      ]
    },
    {
      "cx": 1024.0,
      "cy": 1024.0,
      "file_path": "./images/frame_0039.jpg",
      "fl_x": 7751.432258381698,
      "fl_y": 7750.615817510835,
      "transform_matrix": [
        [
          0.5988539752155027,
          0.7889258391291446,
          -0.13773139338207716,
          306.5724255257713
        ],
        [
          0.8008575280537759,
          -0.5901597142098923,
          0.10167955292632247,
          -232.5942036752597
        ],
        [
          -0.001065893141421717,
          -0.1711944277074355,
          -0.9852366882093548,
          2187.2674833974215
        ],
        [
          0.0,
          0.0,
          0.0,
          1.0
        ]
      ]
    },
    {
      "cx": 1024.0,
      "cy": 1024.0,
      "file_path": "./images/frame_0040.jpg",
      "fl_x": 7751.432258381698,
      "fl_y": 7750.615817510835,
      "transform_matrix": [
        [
          0.5184932583532036,
          0.8423823623942653,
          -0.1468219893930488,
          326.78236391811384
        ],
        [
          0.8550808961608508,
          -0.5110300722085194,
          0.0876637115305404,
          -201.39098822743682
        ],
        [
          -0.0011840874259821796,
          -0.17099772169713245,
          -0.9852707126020521,
          2187.164862126368
        ],
        [
          0.0,
          0.0,
          0.0,
          1.0
        ]
      ]
    },
    {
      "cx": 1024.0,
      "cy": 1024.0,
      "file_path": "./images/frame_0041.jpg",
      "fl_x": 7751.432258381698,
      "fl_y": 7750.615817510835,
      "transform_matrix": [
        [
          0.4312423731819015,
          0.888959794608265,
          -0.15420927061130846,
          343.18272027114597
        ],
        [
          0.9022355312869887,
          -0.42509159452892525,
          0.07258224537818841,
          -167.82007667600996
        ],
        [
          -0.0010303667917025985,
          -0.17043362294713413,
          -0.9853686206254932,
          2187.1871468217196
        ],
        [
          0.0,
          0.0,
          0.0,
          1.0
        ]
      ]
    },
    {
      "cx": 1024.0,
      "cy": 1024.0,
      "file_path": "./images/frame_0042.jpg",
      "fl_x": 7751.432258381698,
      "fl_y": 7750.615817510835,
      "transform_matrix": [
        [
          0.3366468505077736,
          0.9278749806776502,
          -0.16036495338959747,
          356.8345270692572
        ],
        [
          0.9416304248930554,
          -0.3319132146851159,
          0.0562650942691584,
          -131.50156157425215
        ],
        [
          -0.00102027394454856,
          -0.16994598597743676,
          -0.9854528506687853,
          2187.098218420388
        ],
        [
          0.0,
          0.0,
          0.0,
          1.0
        ]
      ]
    },
    {
      "cx": 1024.0,
      "cy": 1024.0,
      "file_path": "./images/frame_0043.jpg",
      "fl_x": 7751.432258381698,
      "fl_y": 7750.615817510835,
      "transform_matrix": [
        [
          0.23406895037893202,
          0.9581342054313662,
          -0.16489563623975229,
          366.87077695289327
        ],
        [
          0.9722194705500806,
          -0.23085440955952724,
          0.03867224677008255,
          -92.35804482220657
        ],
        [
          -0.0010136823117718496,
          -0.16936672037129866,
          -0.9855525792563502,
          2187.067267367012
        ],
        [
          0.0,
          0.0,
          0.0,
          1.0
        ]
      ]
    },
    {
      "cx": 1024.0,
      "cy": 1024.0,
      "file_path": "./images/frame_0044.jpg",
      "fl_x": 7751.432258381698,
      "fl_y": 7750.615817510835,
      "transform_matrix": [
        [
          0.1226201324506373,
          0.9781774175614706,
          -0.16772967206358563,
          373.13184464949563
        ],
        [
          0.9924532781984119,
          -0.12100792832410878,
          0.019838646020584872,
          -50.46395123834752
        ],
        [
          -0.000890904602564785,
          -0.16889648029333587,
          -0.9856333929172193,
          2187.003594487105
        ],
        [
          0.0,
          0.0,
          0.0,
          1.0
        ]
      ]
    },
    {
      "cx": 1024.0,
      "cy": 1024.0,
      "file_path": "./images/frame_0045.jpg",
      "fl_x": 7751.432258381698,
      "fl_y": 7750.615817510835,
      "transform_matrix": [
        [
          1.712401115512293e-05,
          0.9856652489432275,
          -0.16871282326028733,
          375.3003009652114
        ],
        [
          0.9999996654097001,
          -0.00015486121045386726,
          -0.0008032424892743742,
          -4.561016562424621
        ],
        [
          -0.0008178552801815819,
          -0.16871275305587957,
          -0.9856649218010394,
          2186.960200355673
        ],
        [
          0.0,
          0.0,
          0.0,
          1.0
        ]
      ]
    },
    {
      "cx": 1024.0,
      "cy": 1024.0,
      "file_path": "./images/frame_0046.jpg",
      "fl_x": 7751.432258381698,
      "fl_y": 7750.615817510835,
      "transform_matrix": [
        [
          -0.12259836776171687,
          0.9781643161309607,
          -0.16782196182327103,
          373.33992648911317
        ],
        [
          0.9924561384183606,
          0.12071809483236945,
          -0.021399880741666235,
          41.240821697402716
        ],
        [
          -0.0006734522086201529,
          -0.16917952662214092,
          -0.985585021311723,
          2186.8886163864686
        ],
        [
          0.0,
          0.0,
          0.0,
          1.0
        ]
      ]
    },
    {
      "cx": 1024.0,
      "cy": 1024.0,
      "file_path": "./images/frame_0047.jpg",
      "fl_x": 7751.432258381698,
      "fl_y": 7750.615817510835,
      "transform_matrix": [
        [
          -0.2340665768832179,
          0.9581204145615477,
          -0.1649791162134867,
          367.05300798446314
        ],
        [
          0.9722203101358615,
          0.2305476618757025,
          -0.040440625155637865,
          83.59767572495967
        ],
        [
          -0.0007114390379087751,
          -0.16986184622821365,
          -0.9854676286162017,
          2186.8665513977403
        ],
        [
          0.0,
          0.0,
          0.0,
          1.0
        ]
      ]
    },
    {
      "cx": 1024.0,
      "cy": 1024.0,
      "file_path": "./images/frame_0048.jpg",
      "fl_x": 7751.432258381698,
      "fl_y": 7750.615817510835,
      "transform_matrix": [
        [
          -0.33663369592907844,
          0.927863718156092,
          -0.160457705625754,
          357.0368602864857
        ],
        [
          0.9416355339276808,
          0.3316151102979808,
          -0.05791320977799011,
          122.47235376684709
        ],
        [
          -0.0005253664057142956,
          -0.17058821516039838,
          -0.9853422678635729,
          2186.8489486868652
        ],
        [
          0.0,
          0.0,
          0.0,
          1.0
        ]
      ]
    },
    {
      "cx": 1024.0,
      "cy": 1024.0,
      "file_path": "./images/frame_0049.jpg",
      "fl_x": 7751.432258381698,
      "fl_y": 7750.615817510835,
      "transform_matrix": [
        [
          -0.43125083624013466,
          0.8889601349285001,
          -0.15418363969658175,
          343.1261311225733
        ],
        [
          0.9022319316639636,
          0.42481086124194956,
          -0.07425142191758996,
          158.84264193870277
        ],
        [
          -0.0005076692775704189,
          -0.17113039086840745,
          -0.9852482588632819,
          2186.96701614147
        ],
        [
          0.0,
          0.0,
          0.0,
          1.0
        ]
      ]
    },
    {
      "cx": 1024.0,
      "cy": 1024.0,
      "file_path": "./images/frame_0050.jpg",
      "fl_x": 7751.432258381698,
      "fl_y": 7750.615817510835,
      "transform_matrix": [
        [
          -0.5185016214144544,
          0.8424074836653903,
          -0.14664821872470304,
          326.3952944426941
        ],
        [
          0.8550765355363752,
          0.5107325008281517,
          -0.08942276540642988,
          192.62056662111493
        ],
        [
          -0.0004323952971697496,
          -0.17176129966429785,
          -0.9851385024309727,
          2186.9582332448094
        ],
        [
          0.0,
          0.0,
          0.0,
          1.0
        ]
      ]
    },
    {
      "cx": 1024.0,
      "cy": 1024.0,
      "file_path": "./images/frame_0051.jpg",
      "fl_x": 7751.432258381698,
      "fl_y": 7750.615817510835,
      "transform_matrix": [
        [
          -0.5988651294653075,
          0.7889358686105895,
          -0.1376254043778016,
          306.33595308109045
        ],
        [
          0.8008498460277402,
          0.5898949306983137,
          -0.10326419928404518,
          223.43420876366105
        ],
        [
          -0.0002843023807645155,
          -0.17205861197883904,
          -0.9850866729461271,
          2187.0135789883343
        ],
        [
          0.0,
          0.0,
          0.0,
          1.0
        ]
      ]
    },
    {
      "cx": 1024.0,
      "cy": 1024.0,
      "file_path": "./images/frame_0052.jpg",
      "fl_x": 7751.432258381698,
      "fl_y": 7750.615817510835,
      "transform_matrix": [
        [
          -0.6726362167997023,
          0.7289340264424288,
          -0.12734090051436966,
          283.4554834485865
        ],
        [
          0.7399732981722454,
          0.6625562260056995,
          -0.1160119190995977,
          251.80893158307057
        ],
        [
          -0.00019452884361505056,
          -0.17226268451266863,
          -0.9850510289741421,
          2186.997759333117
        ],
        [
          0.0,
          0.0,
          0.0,
          1.0
        ]
      ]
    },
    {
      "cx": 1024.0,
      "cy": 1024.0,
      "file_path": "./images/frame_0053.jpg",
      "fl_x": 7751.432258381698,
      "fl_y": 7750.615817510835,
      "transform_matrix": [
        [
          -0.7399593575540985,
          0.6626189072444316,
          -0.11574252861555814,
          257.6419835188714
        ],
        [
          0.6726515547925345,
          0.7288748933767782,
          -0.12759810202419894,
          277.594374053822
        ],
        [
          -0.00018709172591453997,
          -0.17227180142782297,
          -0.9850494360332889,
          2186.996863802934
        ],
        [
          0.0,
          0.0,
          0.0,
          1.0
        ]
      ]
    },
    {
      "cx": 1024.0,
      "cy": 1024.0,
      "file_path": "./images/frame_0054.jpg",
      "fl_x": 7751.432258381698,
      "fl_y": 7750.615817510835,
      "transform_matrix": [
        [
          -0.8008473668919633,
          0.5899527889933598,
          -0.10295242445498887,
          229.16484536048202
        ],
        [
          0.5988685019993238,
          0.7888928683056359,
          -0.1378570261161461,
          300.422890605529
        ],
        [
          -0.0001107036122353609,
          -0.17205740058323038,
          -0.9850869193371959,
          2187.010007940303
        ],
        [
          0.0,
          0.0,
          0.0,
          1.0
        ]
      ]
    },
    {
      "cx": 1024.0,
      "cy": 1024.0,
      "file_path": "./images/frame_0055.jpg",
      "fl_x": 7751.432258381698,
      "fl_y": 7750.615817510835,
      "transform_matrix": [
        [
          -0.8550757720796459,
          0.5108263384869698,
          -0.08889249636720224,
          197.85350825160629
        ],
        [
          0.5185030479993491,
          0.8423778716412995,
          -0.14681318259767878,
          320.3266206360509
        ],
        [
          -0.00011496861330539096,
          -0.17162742577184564,
          -0.985161922480334,
          2187.001373454214
        ],
        [
          0.0,
          0.0,
          0.0,
          1.0
        ]
      ]
    },
    {
      "cx": 1024.0,
      "cy": 1024.0,
      "file_path": "./images/frame_0056.jpg",
      "fl_x": 7751.432258381698,
