{
    "w": 2048,
    "h": 2048,
    "k1": 0,
    "k2": 0,
    "p1": 0,
    "p2": 0,
    "fl_x": 7778.052211430555,
    "fl_y": 7778.052211430555,
    "cx": 1024.0,
    "cy": 1024.0,
    "frames": [
        {
            "file_path": "images/frame_0000.jpg",
            "transform_matrix": [
                [
                    -1.0000000000000002,
                    2.1944809207733542e-16,
                    5.588717226304227e-17,
                    1.8997070583282039e-10
                ],
                [
                    1.536031799871359e-16,
                    0.9856374809200202,
                    -0.16887497211143324,
                    369.1924188451701
                ],
                [
                    -7.906326945399002e-17,
                    -0.16887497211143337,
                    -0.9856374809200203,
                    2186.9892924730057
                ],
                [
                    0.0,
                    0.0,
                    0.0,
                    1.0
                ]
            ],
            "frame_id": 0
        },
        {
            "file_path": "images/frame_0001.jpg",
            "transform_matrix": [
                [
                    -0.9924551064251392,
                    -0.12084137501237727,
                    0.020741837329025296,
                    -46.142806895057504
                ],
                [
                    -0.12260857119572176,
                    0.9781506700874864,
                    -0.16789402871080644,
                    367.0378324498506
                ],
                [
                    -9.679645029639245e-08,
                    -0.16917041317121453,
                    -0.9855868157130915,
                    2186.9892504701606
                ],
                [
                    0.0,
                    0.0,
                    0.0,
                    1.0
                ]
            ],
            "frame_id": 1
        },
        {
            "file_path": "images/frame_0002.jpg",
            "transform_matrix": [
                [
                    -0.9722218616587343,
                    -0.23066307436318947,
                    0.03973912226190469,
                    -88.41404114111566
                ],
                [
                    -0.23406121360189253,
                    0.9581071186260541,
                    -0.1650639195138944,
                    360.80508196770256
                ],
                [
                    -1.8478556902084002e-07,
                    -0.16978013830658129,
                    -0.9854819656576999,
                    2186.9891617421454
                ],
                [
                    0.0,
                    0.0,
                    0.0,
                    1.0
                ]
            ],
            "frame_id": 2
        },
        {
            "file_path": "images/frame_0003.jpg",
            "transform_matrix": [
                [
                    -0.9416345151196911,
                    -0.331708934270597,
                    0.05739009374769308,
                    -127.70065633422917
                ],
                [
                    -0.33663695568851854,
                    0.9278500815568314,
                    -0.16052970510079412,
                    350.79958918467787
                ],
                [
                    -2.657665936400449e-07,
                    -0.17047993747079535,
                    -0.9853611474580695,
                    2186.9890566536865
                ],
                [
                    0.0,
                    0.0,
                    0.0,
                    1.0
                ]
            ],
            "frame_id": 3
        },
        {
            "file_path": "images/frame_0004.jpg",
            "transform_matrix": [
                [
                    -0.9022370029408151,
                    -0.42487797626433793,
                    0.07380444302273668,
                    -164.24395942650054
                ],
                [
                    -0.431240525141434,
                    0.8889254785623955,
                    -0.1544121207624471,
                    337.27959716938096
                ],
                [
                    -3.4045378414555544e-07,
                    -0.17114379582134157,
                    -0.9852460612211282,
                    2186.988952593579
                ],
                [
                    0.0,
                    0.0,
                    0.0,
                    1.0
                ]
            ],
            "frame_id": 4
        },
        {
            "file_path": "images/frame_0005.jpg",
            "transform_matrix": [
                [
                    -0.8550804481504193,
                    -0.5107957805313014,
                    0.08902301827222665,
                    -198.13053518189923
                ],
                [
                    -0.5184953492469447,
                    0.8423827828843973,
                    -0.14681219264498319,
                    320.46360742818194
                ],
                [
                    -4.0933932080810406e-07,
                    -0.17169425643089326,
                    -0.9851502841234304,
                    2186.9888605503465
                ],
                [
                    0.0,
                    0.0,
                    0.0,
                    1.0
                ]
            ],
            "frame_id": 5
        },
        {
            "file_path": "images/frame_0006.jpg",
            "transform_matrix": [
                [
                    -0.8008571063527382,
                    -0.5899218964168434,
                    0.10305363328031562,
                    -229.3730259317627
                ],
                [
                    -0.5988554877464973,
                    0.7889102362146463,
                    -0.13781416469889982,
                    300.53579221263817
                ],
                [
                    -4.727816731455398e-07,
                    -0.17208368697731272,
                    -0.9850823339579644,
                    2186.9887875234745
                ],
                [
                    0.0,
                    0.0,
                    0.0,
                    1.0
                ]
            ],
            "frame_id": 6
        },
        {
            "file_path": "images/frame_0007.jpg",
            "transform_matrix": [
                [
                    -0.7399839678097204,
                    -0.662566831753574,
                    0.11588322072074812,
                    -257.93784107462
                ],
                [
                    -0.6726245069756978,
                    0.7289192104986527,
                    -0.12748747852914963,
                    277.6497307865004
                ],
                [
                    -5.310204984117458e-07,
                    -0.17228458441210598,
                    -0.9850472181442197,
                    2186.9887377279933
                ],
                [
                    0.0,
                    0.0,
                    0.0,
                    1.0
                ]
            ],
            "frame_id": 7
        },
        {
            "file_path": "images/frame_0008.jpg",
            "transform_matrix": [
                [
                    -0.6726576641887402,
                    -0.7288894195198704,
                    0.12748286520208993,
                    -283.75680978830536
                ],
                [
                    -0.7399538274837199,
                    0.6625996607081404,
                    -0.11588797531085972,
                    251.93060495022178
                ],
                [
                    -5.841753407118697e-07,
                    -0.17228436882504297,
                    -0.9850472558503044,
                    2186.9887132406025
                ],
                [
                    0.0,
                    0.0,
                    0.0,
                    1.0
                ]
            ],
            "frame_id": 8
        },
        {
            "file_path": "images/frame_0009.jpg",
            "transform_matrix": [
                [
                    -0.5988898849213752,
                    -0.7888848701766401,
                    0.1378098956724365,
                    -306.73219523623294
                ],
                [
                    -0.8008313840868515,
                    0.5899559973567304,
                    -0.10305831089418832,
                    223.47574480397077
                ],
                [
                    -6.322366735665692e-07,
                    -0.1720830694438337,
                    -0.9850824418343823,
                    2186.988714279728
                ],
                [
                    0.0,
                    0.0,
                    0.0,
                    1.0
                ]
            ],
            "frame_id": 9
        },
        {
            "file_path": "images/frame_0010.jpg",
            "transform_matrix": [
                [
                    -0.5185289414773463,
                    -0.8423627574980043,
                    0.14680845217745866,
                    -326.73829398629573
                ],
                [
                    -0.8550600779184624,
                    0.5108291173528734,
                    -0.08902738912580349,
                    192.35303539460233
                ],
                [
                    -6.750488930408313e-07,
                    -0.17169332440384139,
                    -0.985150446558647,
                    2186.9887392061146
                ],
                [
                    0.0,
                    0.0,
                    0.0,
                    1.0
                ]
            ],
            "frame_id": 10
        },
        {
            "file_path": "images/frame_0011.jpg",
            "transform_matrix": [
                [
                    -0.4312711274013198,
                    -0.8889111617665629,
                    0.15440907083722158,
                    -343.62088790226636
                ],
                [
                    -0.9022223753983756,
                    0.4249083720932246,
                    -0.07380826956106301,
                    158.5959217677614
                ],
                [
                    -7.122823668642622e-07,
                    -0.17114269429895437,
                    -0.9852462525620626,
                    2186.9887842387197
                ],
                [
                    0.0,
                    0.0,
                    0.0,
                    1.0
                ]
            ],
            "frame_id": 11
        },
        {
            "file_path": "images/frame_0012.jpg",
            "transform_matrix": [
                [
                    -0.3366623966210869,
                    -0.9278412354676342,
                    0.16052748196878971,
                    -357.1950398171345
                ],
                [
                    -0.9416254195277405,
                    0.33173422708296385,
                    -0.05739313444023774,
                    122.19180102119435
                ],
                [
                    -7.433901005727998e-07,
                    -0.17047886774484008,
                    -0.9853613325333427,
                    2186.9888428063837
                ],
                [
                    0.0,
                    0.0,
                    0.0,
                    1.0
                ]
            ],
            "frame_id": 12
        },
        {
            "file_path": "images/frame_0013.jpg",
            "transform_matrix": [
                [
                    -0.2340795216683675,
                    -0.9581028679676121,
                    0.1650626303187505,
                    -367.24134264168345
                ],
                [
                    -0.9722174538316615,
                    0.23068130537237594,
                    -0.03974113507157934,
                    83.05441872628762
                ],
                [
                    -7.675417589178515e-07,
                    -0.16977935605936573,
                    -0.985482100423685,
                    2186.988904312621
                ],
                [
                    0.0,
                    0.0,
                    0.0,
                    1.0
                ]
            ],
            "frame_id": 13
        },
        {
            "file_path": "images/frame_0014.jpg",
            "transform_matrix": [
                [
                    -0.12261819446775776,
                    -0.9781495118276238,
                    0.16789374883195735,
                    -373.5004872894157
                ],
                [
                    -0.9924539175119684,
                    0.12085101130782168,
                    -0.020742581349087453,
                    40.94339635944789
                ],
                [
                    -7.835179487225162e-07,
                    -0.16917022662767223,
                    -0.9855868477319124,
                    2186.9889516919457
                ],
                [
                    0.0,
                    0.0,
                    0.0,
                    1.0
                ]
            ],
            "frame_id": 14
        },
        {
            "file_path": "images/frame_0015.jpg",
            "transform_matrix": [
                [
                    -6.146198245561137e-12,
                    -0.9856373475969716,
                    0.16887575024853707,
                    -375.6658144029189
                ],
                [
                    -0.9999999999996882,
                    1.33329307630822e-07,
                    7.781353967178207e-07,
                    -5.024834138760298
                ],
                [
                    -7.894753953447385e-07,
                    -0.16887575024848445,
                    -0.9856373475966645,
                    2186.988954455712
                ],
                [
                    0.0,
                    0.0,
                    0.0,
                    1.0
                ]
            ],
            "frame_id": 15
        },
        {
            "file_path": "images/frame_0016.jpg",
            "transform_matrix": [
                [
                    0.12261115483661039,
                    -0.978150045630128,
                    0.1678957800047728,
                    -373.50511142762844
                ],
                [
                    -0.9924547872366875,
                    -0.12084376607468444,
                    0.020743179405965838,
                    -50.9909540970807
                ],
                [
                    -7.835186359386365e-07,
                    -0.16917231580452288,
                    -0.9855864891346273,
                    2186.9888788569315
                ],
                [
                    0.0,
                    0.0,
                    0.0,
                    1.0
                ]
            ],
            "frame_id": 16
        },
        {
            "file_path": "images/frame_0017.jpg",
            "transform_matrix": [
                [
                    0.23406516796282245,
                    -0.9581057140762035,
                    0.165066464798469,
                    -367.2500544944095
                ],
                [
                    -0.9722209096424264,
                    -0.2306667572679697,
                    0.03974103604000467,
                    -93.1004614646215
                ],
                [
                    -7.675444864600354e-07,
                    -0.16978306083354736,
                    -0.9854814621561399,
                    2186.988764790984
                ],
                [
                    0.0,
                    0.0,
                    0.0,
                    1.0
                ]
            ],
            "frame_id": 17
        },
        {
            "file_path": "images/frame_0018.jpg",
            "transform_matrix": [
                [
                    0.33664128818158834,
                    -0.9278479602732379,
                    0.16053288045828285,
                    -357.2072785928442
                ],
                [
                    -0.9416329662298835,
                    -0.3317129041230198,
                    0.0573925617774992,
                    -132.23683059764767
                ],
                [
                    -7.433960578490591e-07,
                    -0.17048375833217885,
                    -0.9853604863928648,
                    2186.9886413489944
                ],
                [
                    0.0,
                    0.0,
                    0.0,
                    1.0
                ]
            ],
            "frame_id": 18
        },
        {
            "file_path": "images/frame_0019.jpg",
            "transform_matrix": [
                [
                    0.4312444705594822,
                    -0.8889229313835012,
                    0.1544157656213739,
                    -343.63603082582785
                ],
                [
                    -0.9022351171459491,
                    -0.4248814635120917,
                    0.07380742071403514,
                    -168.64037409766945
                ],
                [
                    -7.122924259504938e-07,
                    -0.1711483684537667,
                    -0.9852452669133237,
                    2186.9885252145355
                ],
                [
                    0.0,
                    0.0,
                    0.0,
                    1.0
                ]
            ],
            "frame_id": 19
        },
        {
            "file_path": "images/frame_0020.jpg",
            "transform_matrix": [
                [
                    0.5184983849362657,
                    -0.8423802247163077,
                    0.1468161497430946,
                    -326.75566372203946
                ],
                [
                    -0.8550786073911733,
                    -0.5107982661877464,
                    0.08902643675652633,
                    -202.3972849258456
                ],
                [
                    -6.750635216383669e-07,
                    -0.17169941253974877,
                    -0.9851493854908754,
                    2186.9884268393093
                ],
                [
                    0.0,
                    0.0,
                    0.0,
                    1.0
                ]
            ],
            "frame_id": 20
        },
        {
            "file_path": "images/frame_0021.jpg",
            "transform_matrix": [
                [
                    0.5988573308955525,
                    -0.7889081178616661,
                    0.13781828182290745,
                    -306.7510727205372
                ],
                [
                    -0.8008557281010451,
                    -0.5899231089977612,
                    0.10305740263639743,
                    -233.5201057697435
                ],
                [
                    -6.32255892976071e-07,
                    -0.1720892415067808,
                    -0.985081363622935,
                    2186.988352776446
                ],
                [
                    0.0,
                    0.0,
                    0.0,
                    1.0
                ]
            ],
            "frame_id": 21
        },
        {
            "file_path": "images/frame_0022.jpg",
            "transform_matrix": [
                [
                    0.6726250965229351,
                    -0.7289179437463725,
                    0.12749161075173754,
                    -283.7764480984587
                ],
                [
                    -0.73998343192748,
                    -0.6625667284750197,
                    0.1158872330791379,
                    -261.97533179295203
                ],
                [
                    -5.841987123308954e-07,
                    -0.172290341001664,
                    -0.9850462113003579,
                    2186.988306851137
                ],
                [
                    0.0,
                    0.0,
                    0.0,
                    1.0
                ]
            ],
            "frame_id": 22
        },
        {
            "file_path": "images/frame_0023.jpg",
            "transform_matrix": [
                [
                    0.7399532936947721,
                    -0.6625995550848308,
                    0.11589198743503545,
                    -257.9574793837504
                ],
                [
                    -0.6726582513802801,
                    -0.7288881548475219,
                    0.12748699766250154,
                    -287.6950183008744
                ],
                [
                    -5.310471391770106e-07,
                    -0.17229012544066208,
                    -0.9850462490032429,
                    2186.9882908036584
                ],
                [
                    0.0,
                    0.0,
                    0.0,
                    1.0
                ]
            ],
            "frame_id": 23
        },
        {
            "file_path": "images/frame_0024.jpg",
            "transform_matrix": [
                [
                    0.8008300075250671,
                    -0.589957207523331,
                    0.10306208002303248,
                    -229.39190341742665
                ],
                [
                    -0.5988917256459443,
                    -0.7888827534986086,
                    0.13781401302217403,
                    -310.5817755062196
                ],
                [
                    -4.728102820457745e-07,
                    -0.17208862403926173,
                    -0.9850814714915969,
                    2186.9883045607694
                ],
                [
                    0.0,
                    0.0,
                    0.0,
                    1.0
                ]
            ],
            "frame_id": 24
        },
        {
            "file_path": "images/frame_0025.jpg",
            "transform_matrix": [
                [
                    0.8550582383830099,
                    -0.5108316007324304,
                    0.08903080740107089,
                    -198.1479049186774
                ],
                [
                    -0.5185319748802152,
                    -0.842360200536607,
                    0.14681240948486385,
                    -330.510361659379
                ],
                [
                    -4.093682359035475e-07,
                    -0.17169848061374993,
                    -0.9851495479137989,
                    2186.988346232424
                ],
                [
                    0.0,
                    0.0,
                    0.0,
                    1.0
                ]
            ],
            "frame_id": 25
        },
        {
            "file_path": "images/frame_0026.jpg",
            "transform_matrix": [
                [
                    0.9022204903692621,
                    -0.4249118574055595,
                    0.07381124706984572,
                    -164.2591023498295
                ],
                [
                    -0.4312750708744159,
                    -0.8889086153356364,
                    0.1544127158764757,
                    -347.3271368875563
                ],
                [
                    -3.404810570878681e-07,
                    -0.1711472670487001,
                    -0.985245458239542,
                    2186.988411838056
                ],
                [
                    0.0,
                    0.0,
                    0.0,
                    1.0
                ]
            ],
            "frame_id": 26
        },
        {
            "file_path": "images/frame_0027.jpg",
            "transform_matrix": [
                [
                    0.94162387102402,
                    -0.3317381954968667,
                    0.057395602324761506,
                    -127.71289510978863
                ],
                [
                    -0.3366667276664994,
                    -0.9278391145533903,
                    0.16053065746800965,
                    -360.84786698314144
                ],
                [
                    -2.6579009785169426e-07,
                    -0.1704826887201834,
                    -0.9853606714531822,
                    2186.9884946586644
                ],
                [
                    0.0,
                    0.0,
                    0.0,
                    1.0
                ]
            ],
            "frame_id": 27
        },
        {
            "file_path": "images/frame_0028.jpg",
            "transform_matrix": [
                [
                    0.9722165019577034,
                    -0.23068498736919543,
                    0.039743048745678286,
                    -88.42275299370408
                ],
                [
                    -0.23408347511324473,
                    -0.9581014635460164,
                    0.1650651757030802,
                    -370.8539857667083
                ],
                [
                    -1.8480314405626555e-07,
                    -0.16978227867906592,
                    -0.9854815969091003,
                    2186.9885840381626
                ],
                [
                    0.0,
                    0.0,
                    0.0,
                    1.0
                ]
            ],
            "frame_id": 28
        },
        {
            "file_path": "images/frame_0029.jpg",
            "transform_matrix": [
                [
                    0.9924535983489411,
                    -0.12085340196871483,
                    0.020743923371104256,
                    -46.14743103328573
                ],
                [
                    -0.12262077770194019,
                    -0.9781488873869079,
                    0.16789550017652383,
                    -377.0871797721436
                ],
                [
                    -9.680608699942012e-08,
                    -0.16917212931314057,
                    -0.9855865211454793,
                    2186.9886629864404
                ],
                [
                    0.0,
                    0.0,
                    0.0,
                    1.0
                ]
            ],
            "frame_id": 29
        },
        {
            "file_path": "images/frame_0030.jpg",
            "transform_matrix": [
                [
                    0.9999999999999999,
                    1.569517081401884e-16,
                    -8.94982340887075e-17,
                    7.560174708487466e-11
                ],
                [
                    1.9512582290512146e-16,
                    -0.985637214273668,
                    0.16887652838344155,
                    -379.2419414028178
                ],
                [
                    -8.514799577005455e-17,
                    -0.16887652838344153,
                    -0.985637214273668,
                    2186.988701611533
                ],
                [
                    0.0,
                    0.0,
                    0.0,
                    1.0
                ]
            ],
            "frame_id": 30
        },
        {
            "file_path": "images/frame_0031.jpg",
            "transform_matrix": [
                [
                    0.9924535983485939,
                    0.12085340197150675,
                    -0.020743923371472635,
                    46.14743103485836
                ],
                [
                    0.12262077770475424,
                    -0.9781488873867156,
                    0.1678955001755916,
                    -377.08717977270135
                ],
                [
                    9.680608669341818e-08,
                    -0.16917212931226058,
                    -0.9855865211456306,
                    2186.988662987089
                ],
                [
                    0.0,
                    0.0,
                    0.0,
                    1.0
                ]
            ],
            "frame_id": 31
        },
        {
            "file_path": "images/frame_0032.jpg",
            "transform_matrix": [
                [
                    0.9722165019570551,
                    0.2306849873719208,
                    -0.03974304874571411,
                    88.42275299507423
                ],
                [
                    0.23408347511593655,
                    -0.9581014635456789,
                    0.1650651757012204,
                    -370.85398576666216
                ],
                [
                    1.8480314393205312e-07,
                    -0.16978227867726603,
                    -0.9854815969094102,
                    2186.988584038109
                ],
                [
                    0.0,
                    0.0,
                    0.0,
                    1.0
                ]
            ],
            "frame_id": 32
        },
        {
            "file_path": "images/frame_0033.jpg",
            "transform_matrix": [
                [
                    0.9416238710231212,
                    0.3317381954992454,
                    -0.05739560232576367,
                    127.7128951113686
                ],
                [
                    0.33666672766901407,
                    -0.9278391145522272,
                    0.16053065746946016,
                    -360.8478669834434
                ],
                [
                    2.6579009784673207e-07,
                    -0.1704826887218867,
                    -0.9853606714528879,
                    2186.9884946590155
                ],
                [
                    0.0,
                    0.0,
                    0.0,
                    1.0
                ]
            ],
            "frame_id": 33
        },
        {
            "file_path": "images/frame_0034.jpg",
            "transform_matrix": [
                [
                    0.9022204903684502,
                    0.4249118574071241,
                    -0.07381124707076013,
                    164.25910235216134
                ],
                [
                    0.43127507087611394,
                    -0.8889086153346096,
                    0.1544127158776425,
                    -347.3271368907932
                ],
                [
                    3.4048105741862397e-07,
                    -0.1711472670501472,
                    -0.9852454582392902,
                    2186.988411839676
                ],
                [
                    0.0,
                    0.0,
                    0.0,
                    1.0
                ]
            ],
            "frame_id": 34
        },
        {
            "file_path": "images/frame_0035.jpg",
            "transform_matrix": [
                [
                    0.8550582383817619,
                    0.5108316007343929,
                    -0.08903080740179808,
                    198.14790491990487
                ],
                [
                    0.5185319748822736,
                    -0.8423602005352699,
                    0.14681240948526578,
                    -330.5103616594672
                ],
                [
                    4.093682359031521e-07,
                    -0.17169848061447093,
                    -0.9851495479136734,
                    2186.988346232527
                ],
                [
                    0.0,
                    0.0,
                    0.0,
                    1.0
                ]
            ],
            "frame_id": 35
        },
        {
            "file_path": "images/frame_0036.jpg",
            "transform_matrix": [
                [
                    0.8008300075260449,
                    0.5899572075220647,
                    -0.10306208002268447,
                    229.39190341860308
                ],
                [
                    0.598891725644637,
                    -0.7888827534996008,
                    0.13781401302217716,
                    -310.58177550854987
                ],
                [
                    4.728102815855841e-07,
                    -0.17208862403905573,
                    -0.985081471491633,
                    2186.988304559194
                ],
                [
                    0.0,
                    0.0,
                    0.0,
                    1.0
                ]
            ],
            "frame_id": 36
        },
        {
            "file_path": "images/frame_0037.jpg",
            "transform_matrix": [
                [
                    0.7399532936947691,
                    0.6625995550850704,
                    -0.1158919874336852,
                    257.9574793869869
                ],
                [
                    0.6726582513802835,
                    -0.728888154847779,
                    0.127486997661014,
                    -287.6950183046172
                ],
                [
                    5.310471385713484e-07,
                    -0.17229012543865313,
                    -0.9850462490035945,
                    2186.9882908030104
                ],
                [
                    0.0,
                    0.0,
                    0.0,
                    1.0
                ]
            ],
            "frame_id": 37
        },
        {
            "file_path": "images/frame_0038.jpg",
            "transform_matrix": [
                [
                    0.6726250965215389,
                    0.7289179437477478,
                    -0.12749161075124257,
                    283.7764480994058
                ],
                [
                    0.7399834319287492,
                    -0.662566728473758,
                    0.11588723307824901,
                    -261.975331793239
                ],
                [
                    5.841987125431652e-07,
                    -0.17229034100069987,
                    -0.9850462113005268,
                    2186.988306851471
                ],
                [
                    0.0,
                    0.0,
                    0.0,
                    1.0
                ]
            ],
            "frame_id": 38
        },
        {
            "file_path": "images/frame_0039.jpg",
            "transform_matrix": [
                [
                    0.5988573308915125,
                    0.7889081178647014,
                    -0.1378182818230856,
                    306.75107272400373
                ],
                [
                    0.8008557281040658,
                    -0.5899231089938262,
                    0.10305740263544644,
                    -233.52010576966256
                ],
                [
                    6.322558927564124e-07,
                    -0.17208924150635385,
                    -0.9850813636230095,
                    2186.9883527763513
                ],
                [
                    0.0,
                    0.0,
                    0.0,
                    1.0
                ]
            ],
            "frame_id": 39
        },
        {
            "file_path": "images/frame_0040.jpg",
            "transform_matrix": [
                [
                    0.5184983849350189,
                    0.8423802247170297,
                    -0.1468161497433563,
                    326.7556637234602
                ],
                [
                    0.8550786073919293,
                    -0.5107982661865043,
                    0.08902643675639228,
                    -202.3972849259054
                ],
                [
                    6.750635215086745e-07,
                    -0.1716994125399031,
                    -0.9851493854908486,
                    2186.9884268393785
                ],
                [
                    0.0,
                    0.0,
                    0.0,
                    1.0
                ]
            ],
            "frame_id": 40
        },
        {
            "file_path": "images/frame_0041.jpg",
            "transform_matrix": [
                [
                    0.4312444705618328,
                    0.8889229313823497,
                    -0.15441576562143827,
                    343.6360308279135
                ],
                [
                    0.9022351171448255,
                    -0.4248814635143862,
                    0.07380742071456035,
                    -168.64037410039725
                ],
                [
                    7.122924261020756e-07,
                    -0.17114836845405132,
                    -0.9852452669132742,
                    2186.9885252141357
                ],
                [
                    0.0,
                    0.0,
                    0.0,
                    1.0
                ]
            ],
            "frame_id": 41
        },
        {
            "file_path": "images/frame_0042.jpg",
            "transform_matrix": [
                [
                    0.3366412881863528,
                    0.9278479602713698,
                    -0.16053288045908556,
                    357.2072785964302
                ],
                [
                    0.9416329662281797,
                    -0.331712904127647,
                    0.05739256177870208,
                    -132.23683060020096
                ],
                [
                    7.433960577449248e-07,
                    -0.1704837583333397,
                    -0.9853604863926636,
                    2186.98864134982
                ],
                [
                    0.0,
                    0.0,
                    0.0,
                    1.0
                ]
            ],
            "frame_id": 42
        },
        {
            "file_path": "images/frame_0043.jpg",
            "transform_matrix": [
                [
                    0.23406516796838614,
                    0.9581057140749208,
                    -0.16506646479802517,
                    367.2500544959577
                ],
                [
                    0.9722209096410869,
                    -0.2306667572734615,
                    0.039741036040898015,
                    -93.10046146771197
                ],
                [
                    7.675444872293239e-07,
                    -0.16978306083332495,
                    -0.9854814621561782,
                    2186.9887647917194
                ],
                [
                    0.0,
                    0.0,
                    0.0,
                    1.0
                ]
            ],
            "frame_id": 43
        },
        {
            "file_path": "images/frame_0044.jpg",
            "transform_matrix": [
                [
                    0.12261115483591402,
                    0.9781500456300665,
                    -0.1678957800056407,
                    373.50511143003445
                ],
                [
                    0.9924547872367738,
                    -0.12084376607398012,
                    0.020743179405953546,
                    -50.9909540976912
                ],
                [
                    7.835186360294586e-07,
                    -0.16917231580538283,
                    -0.9855864891344798,
                    2186.988878857641
                ],
                [
                    0.0,
                    0.0,
                    0.0,
                    1.0
                ]
            ],
            "frame_id": 44
        },
        {
            "file_path": "images/frame_0045.jpg",
            "transform_matrix": [
                [
