{
  "camera_model": "PINHOLE",
  "frames": [
    {
      "cx": 1024.0,
      "cy": 1024.0,
      "file_path": "./images/frame_0000.jpg",
      "fl_x": 7778.052211430555,
      "fl_y": 7778.052211430555,
      "transform_matrix": [
        [
          -1.0,
          1.9193266610660198e-16,
          5.626361737901056e-17,
          1.899700205307308e-10
        ],
        [
          1.7967451271180572e-16,
          0.9856374809200199,
          -0.16887497211143326,
          369.1924188451701
        ],
        [
          -8.786815373692126e-17,
          -0.16887497211143326,
          -0.9856374809200199,
          2186.9892924730048
        ],
        [
          0.0,
          0.0,
          0.0,
          1.0
        ]
      ]
    },
    {
      "cx": 1024.0,
      "cy": 1024.0,
      "file_path": "./images/frame_0001.jpg",
      "fl_x": 7778.052211430555,
      "fl_y": 7778.052211430555,
      "transform_matrix": [
        [
          -0.9924551064251393,
          -0.12084137501237724,
          0.020741837329025264,
          -46.14280689505743
        ],
        [
          -0.12260857119572173,
          0.9781506700874864,
          -0.1678940287108064,
          367.0378324498505
        ],
        [
          -9.67964503192201e-08,
          -0.16917041317121453,
          -0.9855868157130914,
          2186.9892504701606
        ],
        [
          0.0,
          0.0,
          0.0,
          1.0
        ]
      ]
    },
    {
      "cx": 1024.0,
      "cy": 1024.0,
      "file_path": "./images/frame_0002.jpg",
      "fl_x": 7778.052211430555,
      "fl_y": 7778.052211430555,
      "transform_matrix": [
        [
          -0.972221861658734,
          -0.2306630743631895,
          0.03973912226190468,
          -88.41404114111566
        ],
        [
          -0.23406121360189247,
          0.9581071186260541,
          -0.1650639195138944,
          360.80508196770256
        ],
        [
          -1.8478556902927504e-07,
          -0.16978013830658129,
          -0.9854819656576997,
          2186.9891617421454
        ],
        [
          0.0,
          0.0,
          0.0,
          1.0
        ]
      ]
    },
    {
      "cx": 1024.0,
      "cy": 1024.0,
      "file_path": "./images/frame_0003.jpg",
      "fl_x": 7778.052211430555,
      "fl_y": 7778.052211430555,
      "transform_matrix": [
        [
          -0.941634515119691,
          -0.33170893427059706,
          0.057390093747693105,
          -127.70065633422927
        ],
        [
          -0.33663695568851854,
          0.9278500815568312,
          -0.1605297051007941,
          350.7995891846779
        ],
        [
          -2.657665936051311e-07,
          -0.17047993747079535,
          -0.9853611474580692,
          2186.989056653686
        ],
        [
          0.0,
          0.0,
          0.0,
          1.0
        ]
      ]
    },
    {
      "cx": 1024.0,
      "cy": 1024.0,
      "file_path": "./images/frame_0004.jpg",
      "fl_x": 7778.052211430555,
      "fl_y": 7778.052211430555,
      "transform_matrix": [
        [
          -0.902237002940815,
          -0.4248779762643378,
          0.0738044430227367,
          -164.24395942650057
        ],
        [
          -0.4312405251414339,
          0.8889254785623955,
          -0.15441212076244717,
          337.27959716938113
        ],
        [
          -3.4045378416987613e-07,
          -0.17114379582134154,
          -0.9852460612211282,
          2186.9889525935796
        ],
        [
          0.0,
          0.0,
          0.0,
          1.0
        ]
      ]
    },
    {
      "cx": 1024.0,
      "cy": 1024.0,
      "file_path": "./images/frame_0005.jpg",
      "fl_x": 7778.052211430555,
      "fl_y": 7778.052211430555,
      "transform_matrix": [
        [
          -0.8550804481504191,
          -0.5107957805313013,
          0.08902301827222663,
          -198.13053518189912
        ],
        [
          -0.5184953492469445,
          0.842382782884397,
          -0.14681219264498316,
          320.4636074281818
        ],
        [
          -4.093393208649141e-07,
          -0.17169425643089312,
          -0.98515028412343,
          2186.988860550345
        ],
        [
          0.0,
          0.0,
          0.0,
          1.0
        ]
      ]
    },
    {
      "cx": 1024.0,
      "cy": 1024.0,
      "file_path": "./images/frame_0006.jpg",
      "fl_x": 7778.052211430555,
      "fl_y": 7778.052211430555,
      "transform_matrix": [
        [
          -0.8008571063527382,
          -0.5899218964168436,
          0.10305363328031564,
          -229.37302593176275
        ],
        [
          -0.5988554877464973,
          0.7889102362146464,
          -0.13781416469889984,
          300.5357922126382
        ],
        [
          -4.7278167312287204e-07,
          -0.17208368697731274,
          -0.9850823339579644,
          2186.9887875234745
        ],
        [
          0.0,
          0.0,
          0.0,
          1.0
        ]
      ]
    },
    {
      "cx": 1024.0,
      "cy": 1024.0,
      "file_path": "./images/frame_0007.jpg",
      "fl_x": 7778.052211430555,
      "fl_y": 7778.052211430555,
      "transform_matrix": [
        [
          -0.7399839678097205,
          -0.6625668317535739,
          0.11588322072074815,
          -257.9378410746201
        ],
        [
          -0.6726245069756976,
          0.7289192104986527,
          -0.12748747852914966,
          277.6497307865005
        ],
        [
          -5.310204984434603e-07,
          -0.1722845844121059,
          -0.9850472181442197,
          2186.9887377279933
        ],
        [
          0.0,
          0.0,
          0.0,
          1.0
        ]
      ]
    },
    {
      "cx": 1024.0,
      "cy": 1024.0,
      "file_path": "./images/frame_0008.jpg",
      "fl_x": 7778.052211430555,
      "fl_y": 7778.052211430555,
      "transform_matrix": [
        [
          -0.6726576641887401,
          -0.7288894195198704,
          0.12748286520209,
          -283.75680978830553
        ],
        [
          -0.7399538274837201,
          0.6625996607081405,
          -0.1158879753108598,
          251.93060495022192
        ],
        [
          -5.841753407630768e-07,
          -0.17228436882504294,
          -0.9850472558503045,
          2186.988713240603
        ],
        [
          0.0,
          0.0,
          0.0,
          1.0
        ]
      ]
    },
    {
      "cx": 1024.0,
      "cy": 1024.0,
      "file_path": "./images/frame_0009.jpg",
      "fl_x": 7778.052211430555,
      "fl_y": 7778.052211430555,
      "transform_matrix": [
        [
          -0.5988898849213753,
          -0.78888487017664,
          0.13780989567243646,
          -306.7321952362328
        ],
        [
          -0.8008313840868516,
          0.5899559973567305,
          -0.10305831089418839,
          223.47574480397088
        ],
        [
          -6.322366736368145e-07,
          -0.17208306944383372,
          -0.9850824418343823,
          2186.988714279728
        ],
        [
          0.0,
          0.0,
          0.0,
          1.0
        ]
      ]
    },
    {
      "cx": 1024.0,
      "cy": 1024.0,
      "file_path": "./images/frame_0010.jpg",
      "fl_x": 7778.052211430555,
      "fl_y": 7778.052211430555,
      "transform_matrix": [
        [
          -0.5185289414773462,
          -0.8423627574980042,
          0.14680845217745864,
          -326.73829398629573
        ],
        [
          -0.8550600779184623,
          0.5108291173528732,
          -0.08902738912580348,
          192.35303539460233
        ],
        [
          -6.750488930629979e-07,
          -0.17169332440384133,
          -0.985150446558647,
          2186.988739206115
        ],
        [
          0.0,
          0.0,
          0.0,
          1.0
        ]
      ]
    },
    {
      "cx": 1024.0,
      "cy": 1024.0,
      "file_path": "./images/frame_0011.jpg",
      "fl_x": 7778.052211430555,
      "fl_y": 7778.052211430555,
      "transform_matrix": [
        [
          -0.4312711274013196,
          -0.8889111617665629,
          0.15440907083722163,
          -343.6208879022665
        ],
        [
          -0.9022223753983755,
          0.4249083720932244,
          -0.07380826956106311,
          158.59592176776158
        ],
        [
          -7.122823669625113e-07,
          -0.17114269429895435,
          -0.9852462525620623,
          2186.988784238719
        ],
        [
          0.0,
          0.0,
          0.0,
          1.0
        ]
      ]
    },
    {
      "cx": 1024.0,
      "cy": 1024.0,
      "file_path": "./images/frame_0012.jpg",
      "fl_x": 7778.052211430555,
      "fl_y": 7778.052211430555,
      "transform_matrix": [
        [
          -0.33666239662108666,
          -0.9278412354676341,
          0.16052748196878971,
          -357.19503981713444
        ],
        [
          -0.9416254195277404,
          0.33173422708296363,
          -0.05739313444023778,
          122.19180102119445
        ],
        [
          -7.433901005936089e-07,
          -0.1704788677448401,
          -0.9853613325333427,
          2186.988842806384
        ],
        [
          0.0,
          0.0,
          0.0,
          1.0
        ]
      ]
    },
    {
      "cx": 1024.0,
      "cy": 1024.0,
      "file_path": "./images/frame_0013.jpg",
      "fl_x": 7778.052211430555,
      "fl_y": 7778.052211430555,
      "transform_matrix": [
        [
          -0.23407952166836724,
          -0.9581028679676121,
          0.1650626303187505,
          -367.24134264168333
        ],
        [
          -0.9722174538316615,
          0.23068130537237563,
          -0.03974113507157925,
          83.05441872628744
        ],
        [
          -7.675417588701589e-07,
          -0.16977935605936564,
          -0.9854821004236847,
          2186.98890431262
        ],
        [
          0.0,
          0.0,
          0.0,
          1.0
        ]
      ]
    },
    {
      "cx": 1024.0,
      "cy": 1024.0,
      "file_path": "./images/frame_0014.jpg",
      "fl_x": 7778.052211430555,
      "fl_y": 7778.052211430555,
      "transform_matrix": [
        [
          -0.12261819446775785,
          -0.9781495118276237,
          0.16789374883195735,
          -373.50048728941573
        ],
        [
          -0.9924539175119685,
          0.1208510113078217,
          -0.020742581349087477,
          40.943396359447945
        ],
        [
          -7.835179487791039e-07,
          -0.1691702266276723,
          -0.9855868477319125,
          2186.988951691946
        ],
        [
          0.0,
          0.0,
          0.0,
          1.0
        ]
      ]
    },
    {
      "cx": 1024.0,
      "cy": 1024.0,
      "file_path": "./images/frame_0015.jpg",
      "fl_x": 7778.052211430555,
      "fl_y": 7778.052211430555,
      "transform_matrix": [
        [
          -6.145917218989955e-12,
          -0.9856373475969715,
          0.16887575024853702,
          -375.6658144029188
        ],
        [
          -0.9999999999996882,
          1.3332930731885353e-07,
          7.781353967296762e-07,
          -5.024834138760324
        ],
        [
          -7.89475395306431e-07,
          -0.1688757502484844,
          -0.9856373475966645,
          2186.988954455712
        ],
        [
          0.0,
          0.0,
          0.0,
          1.0
        ]
      ]
    },
    {
      "cx": 1024.0,
      "cy": 1024.0,
      "file_path": "./images/frame_0016.jpg",
      "fl_x": 7778.052211430555,
      "fl_y": 7778.052211430555,
      "transform_matrix": [
        [
          0.12261115483661023,
          -0.978150045630128,
          0.16789578000477282,
          -373.50511142762844
        ],
        [
          -0.9924547872366872,
          -0.12084376607468429,
          0.020743179405965845,
          -50.99095409708071
        ],
        [
          -7.835186359793641e-07,
          -0.169172315804523,
          -0.9855864891346272,
          2186.988878856931
        ],
        [
          0.0,
          0.0,
          0.0,
          1.0
        ]
      ]
    },
    {
      "cx": 1024.0,
      "cy": 1024.0,
      "file_path": "./images/frame_0017.jpg",
      "fl_x": 7778.052211430555,
      "fl_y": 7778.052211430555,
      "transform_matrix": [
        [
          0.23406516796282215,
          -0.9581057140762034,
          0.16506646479846895,
          -367.2500544944094
        ],
        [
          -0.9722209096424261,
          -0.23066675726796937,
          0.03974103604000461,
          -93.10046146462138
        ],
        [
          -7.675444865005447e-07,
          -0.16978306083354724,
          -0.9854814621561395,
          2186.988764790983
        ],
        [
          0.0,
          0.0,
          0.0,
          1.0
        ]
      ]
    },
    {
      "cx": 1024.0,
      "cy": 1024.0,
      "file_path": "./images/frame_0018.jpg",
      "fl_x": 7778.052211430555,
      "fl_y": 7778.052211430555,
      "transform_matrix": [
        [
          0.33664128818158834,
          -0.9278479602732376,
          0.16053288045828282,
          -357.2072785928441
        ],
        [
          -0.9416329662298831,
          -0.3317129041230199,
          0.0573925617774992,
          -132.2368305976477
        ],
        [
          -7.433960578230629e-07,
          -0.1704837583321788,
          -0.9853604863928646,
          2186.9886413489944
        ],
        [
          0.0,
          0.0,
          0.0,
          1.0
        ]
      ]
    },
    {
      "cx": 1024.0,
      "cy": 1024.0,
      "file_path": "./images/frame_0019.jpg",
      "fl_x": 7778.052211430555,
      "fl_y": 7778.052211430555,
      "transform_matrix": [
        [
          0.43124447055948245,
          -0.8889229313835012,
          0.15441576562137385,
          -343.63603082582773
        ],
        [
          -0.9022351171459491,
          -0.424881463512092,
          0.07380742071403514,
          -168.64037409766942
        ],
        [
          -7.12292425943674e-07,
          -0.1711483684537667,
          -0.9852452669133237,
          2186.988525214536
        ],
        [
          0.0,
          0.0,
          0.0,
          1.0
        ]
      ]
    },
    {
      "cx": 1024.0,
      "cy": 1024.0,
      "file_path": "./images/frame_0020.jpg",
      "fl_x": 7778.052211430555,
      "fl_y": 7778.052211430555,
      "transform_matrix": [
        [
          0.5184983849362655,
          -0.8423802247163077,
          0.1468161497430945,
          -326.7556637220393
        ],
        [
          -0.8550786073911731,
          -0.5107982661877464,
          0.08902643675652634,
          -202.39728492584567
        ],
        [
          -6.750635215949029e-07,
          -0.17169941253974874,
          -0.9851493854908753,
          2186.9884268393093
        ],
        [
          0.0,
          0.0,
          0.0,
          1.0
        ]
      ]
    },
    {
      "cx": 1024.0,
      "cy": 1024.0,
      "file_path": "./images/frame_0021.jpg",
      "fl_x": 7778.052211430555,
      "fl_y": 7778.052211430555,
      "transform_matrix": [
        [
          0.5988573308955525,
          -0.788908117861666,
          0.13781828182290742,
          -306.75107272053714
        ],
        [
          -0.800855728101045,
          -0.5899231089977612,
          0.10305740263639737,
          -233.52010576974342
        ],
        [
          -6.322558929944093e-07,
          -0.17208924150678073,
          -0.985081363622935,
          2186.988352776446
        ],
        [
          0.0,
          0.0,
          0.0,
          1.0
        ]
      ]
    },
    {
      "cx": 1024.0,
      "cy": 1024.0,
      "file_path": "./images/frame_0022.jpg",
      "fl_x": 7778.052211430555,
      "fl_y": 7778.052211430555,
      "transform_matrix": [
        [
          0.672625096522935,
          -0.7289179437463725,
          0.1274916107517375,
          -283.77644809845845
        ],
        [
          -0.73998343192748,
          -0.6625667284750195,
          0.11588723307913779,
          -261.9753317929518
        ],
        [
          -5.841987124190329e-07,
          -0.172290341001664,
          -0.9850462113003577,
          2186.9883068511367
        ],
        [
          0.0,
          0.0,
          0.0,
          1.0
        ]
      ]
    },
    {
      "cx": 1024.0,
      "cy": 1024.0,
      "file_path": "./images/frame_0023.jpg",
      "fl_x": 7778.052211430555,
      "fl_y": 7778.052211430555,
      "transform_matrix": [
        [
          0.7399532936947721,
          -0.6625995550848307,
          0.11589198743503543,
          -257.95747938375035
        ],
        [
          -0.67265825138028,
          -0.7288881548475219,
          0.1274869976625015,
          -287.6950183008742
        ],
        [
          -5.310471391706882e-07,
          -0.17229012544066202,
          -0.9850462490032429,
          2186.988290803658
        ],
        [
          0.0,
          0.0,
          0.0,
          1.0
        ]
      ]
    },
    {
      "cx": 1024.0,
      "cy": 1024.0,
      "file_path": "./images/frame_0024.jpg",
      "fl_x": 7778.052211430555,
      "fl_y": 7778.052211430555,
      "transform_matrix": [
        [
          0.8008300075250672,
          -0.589957207523331,
          0.10306208002303247,
          -229.3919034174266
        ],
        [
          -0.5988917256459444,
          -0.7888827534986087,
          0.13781401302217408,
          -310.58177550621974
        ],
        [
          -4.728102820109362e-07,
          -0.1720886240392617,
          -0.9850814714915969,
          2186.9883045607694
        ],
        [
          0.0,
          0.0,
          0.0,
          1.0
        ]
      ]
    },
    {
      "cx": 1024.0,
      "cy": 1024.0,
      "file_path": "./images/frame_0025.jpg",
      "fl_x": 7778.052211430555,
      "fl_y": 7778.052211430555,
      "transform_matrix": [
        [
          0.85505823838301,
          -0.5108316007324303,
          0.0890308074010708,
          -198.14790491867723
        ],
        [
          -0.5185319748802153,
          -0.8423602005366068,
          0.14681240948486374,
          -330.51036165937876
        ],
        [
          -4.09368235954036e-07,
          -0.17169848061375,
          -0.9851495479137989,
          2186.9883462324246
        ],
        [
          0.0,
          0.0,
          0.0,
          1.0
        ]
      ]
    },
    {
      "cx": 1024.0,
      "cy": 1024.0,
      "file_path": "./images/frame_0026.jpg",
      "fl_x": 7778.052211430555,
      "fl_y": 7778.052211430555,
      "transform_matrix": [
        [
          0.902220490369262,
          -0.4249118574055596,
          0.07381124706984571,
          -164.25910234982948
        ],
        [
          -0.4312750708744159,
          -0.8889086153356364,
          0.15441271587647565,
          -347.3271368875562
        ],
        [
          -3.4048105711464677e-07,
          -0.17114726704870012,
          -0.9852454582395419,
          2186.9884118380555
        ],
        [
          0.0,
          0.0,
          0.0,
          1.0
        ]
      ]
    },
    {
      "cx": 1024.0,
      "cy": 1024.0,
      "file_path": "./images/frame_0027.jpg",
      "fl_x": 7778.052211430555,
      "fl_y": 7778.052211430555,
      "transform_matrix": [
        [
          0.94162387102402,
          -0.3317381954968667,
          0.05739560232476152,
          -127.71289510978869
        ],
        [
          -0.33666672766649935,
          -0.9278391145533904,
          0.16053065746800962,
          -360.84786698314144
        ],
        [
          -2.657900978843694e-07,
          -0.17048268872018343,
          -0.9853606714531823,
          2186.9884946586644
        ],
        [
          0.0,
          0.0,
          0.0,
          1.0
        ]
      ]
    },
    {
      "cx": 1024.0,
      "cy": 1024.0,
      "file_path": "./images/frame_0028.jpg",
      "fl_x": 7778.052211430555,
      "fl_y": 7778.052211430555,
      "transform_matrix": [
        [
          0.9722165019577033,
          -0.23068498736919538,
          0.0397430487456783,
          -88.42275299370411
        ],
        [
          -0.2340834751132447,
          -0.9581014635460162,
          0.16506517570308024,
          -370.8539857667084
        ],
        [
          -1.848031440366772e-07,
          -0.16978227867906578,
          -0.9854815969091001,
          2186.988584038162
        ],
        [
          0.0,
          0.0,
          0.0,
          1.0
        ]
      ]
    },
    {
      "cx": 1024.0,
      "cy": 1024.0,
      "file_path": "./images/frame_0029.jpg",
      "fl_x": 7778.052211430555,
      "fl_y": 7778.052211430555,
      "transform_matrix": [
        [
          0.9924535983489414,
          -0.1208534019687149,
          0.02074392337110424,
          -46.147431033285685
        ],
        [
          -0.12262077770194028,
          -0.978148887386908,
          0.1678955001765238,
          -377.08717977214354
        ],
        [
          -9.68060869855301e-08,
          -0.16917212931314063,
          -0.9855865211454794,
          2186.9886629864404
        ],
        [
          0.0,
          0.0,
          0.0,
          1.0
        ]
      ]
    },
    {
      "cx": 1024.0,
      "cy": 1024.0,
      "file_path": "./images/frame_0030.jpg",
      "fl_x": 7778.052211430555,
      "fl_y": 7778.052211430555,
      "transform_matrix": [
        [
          1.0,
          1.6628346384786279e-16,
          -1.0408039699981117e-16,
          7.563415563810283e-11
        ],
        [
          1.8147190620488216e-16,
          -0.9856372142736681,
          0.16887652838344153,
          -379.2419414028177
        ],
        [
          -7.450413845719074e-17,
          -0.16887652838344153,
          -0.985637214273668,
          2186.9887016115326
        ],
        [
          0.0,
          0.0,
          0.0,
          1.0
        ]
      ]
    },
    {
      "cx": 1024.0,
      "cy": 1024.0,
      "file_path": "./images/frame_0031.jpg",
      "fl_x": 7778.052211430555,
      "fl_y": 7778.052211430555,
      "transform_matrix": [
        [
          0.9924535983485936,
          0.12085340197150671,
          -0.02074392337147263,
          46.14743103485835
        ],
        [
          0.12262077770475416,
          -0.9781488873867153,
          0.16789550017559152,
          -377.0871797727012
        ],
        [
          9.680608669517861e-08,
          -0.16917212931226056,
          -0.9855865211456305,
          2186.9886629870884
        ],
        [
          0.0,
          0.0,
          0.0,
          1.0
        ]
      ]
    },
    {
      "cx": 1024.0,
      "cy": 1024.0,
      "file_path": "./images/frame_0032.jpg",
      "fl_x": 7778.052211430555,
      "fl_y": 7778.052211430555,
      "transform_matrix": [
        [
          0.9722165019570552,
          0.2306849873719208,
          -0.039743048745714125,
          88.42275299507426
        ],
        [
          0.23408347511593663,
          -0.958101463545679,
          0.16506517570122042,
          -370.85398576666216
        ],
        [
          1.8480314395553629e-07,
          -0.16978227867726606,
          -0.9854815969094102,
          2186.988584038109
        ],
        [
          0.0,
          0.0,
          0.0,
          1.0
        ]
      ]
    },
    {
      "cx": 1024.0,
      "cy": 1024.0,
      "file_path": "./images/frame_0033.jpg",
      "fl_x": 7778.052211430555,
      "fl_y": 7778.052211430555,
      "transform_matrix": [
        [
          0.9416238710231212,
          0.3317381954992452,
          -0.057395602325763614,
          127.7128951113685
        ],
        [
          0.33666672766901384,
          -0.9278391145522271,
          0.16053065746946002,
          -360.84786698344317
        ],
        [
          2.6579009782946965e-07,
          -0.17048268872188654,
          -0.9853606714528875,
          2186.988494659015
        ],
        [
          0.0,
          0.0,
          0.0,
          1.0
        ]
      ]
    },
    {
      "cx": 1024.0,
      "cy": 1024.0,
      "file_path": "./images/frame_0034.jpg",
      "fl_x": 7778.052211430555,
      "fl_y": 7778.052211430555,
      "transform_matrix": [
        [
          0.9022204903684501,
          0.42491185740712417,
          -0.07381124707076017,
          164.2591023521614
        ],
        [
          0.431275070876114,
          -0.8889086153346097,
          0.15441271587764252,
          -347.32713689079327
        ],
        [
          3.404810574407273e-07,
          -0.17114726705014724,
          -0.9852454582392903,
          2186.988411839676
        ],
        [
          0.0,
          0.0,
          0.0,
          1.0
        ]
      ]
    },
    {
      "cx": 1024.0,
      "cy": 1024.0,
      "file_path": "./images/frame_0035.jpg",
      "fl_x": 7778.052211430555,
      "fl_y": 7778.052211430555,
      "transform_matrix": [
        [
          0.855058238381762,
          0.5108316007343929,
          -0.08903080740179808,
          198.14790491990482
        ],
        [
          0.5185319748822736,
          -0.8423602005352698,
          0.14681240948526578,
          -330.51036165946715
        ],
        [
          4.0936823589665407e-07,
          -0.17169848061447085,
          -0.985149547913673,
          2186.988346232526
        ],
        [
          0.0,
          0.0,
          0.0,
          1.0
        ]
      ]
    },
    {
      "cx": 1024.0,
      "cy": 1024.0,
      "file_path": "./images/frame_0036.jpg",
      "fl_x": 7778.052211430555,
      "fl_y": 7778.052211430555,
      "transform_matrix": [
        [
          0.8008300075260449,
          0.5899572075220648,
          -0.10306208002268445,
          229.39190341860308
        ],
        [
          0.5988917256446371,
          -0.7888827534996008,
          0.1378140130221772,
          -310.5817755085499
        ],
        [
          4.728102816186129e-07,
          -0.1720886240390558,
          -0.985081471491633,
          2186.988304559194
        ],
        [
          0.0,
          0.0,
          0.0,
          1.0
        ]
      ]
    },
    {
      "cx": 1024.0,
      "cy": 1024.0,
      "file_path": "./images/frame_0037.jpg",
      "fl_x": 7778.052211430555,
      "fl_y": 7778.052211430555,
      "transform_matrix": [
        [
          0.739953293694769,
          0.6625995550850703,
          -0.11589198743368519,
          257.95747938698685
        ],
        [
          0.6726582513802835,
          -0.728888154847779,
          0.12748699766101407,
          -287.69501830461724
        ],
        [
          5.310471384977004e-07,
          -0.17229012543865313,
          -0.9850462490035944,
          2186.98829080301
        ],
        [
          0.0,
          0.0,
          0.0,
          1.0
        ]
      ]
    },
    {
      "cx": 1024.0,
      "cy": 1024.0,
      "file_path": "./images/frame_0038.jpg",
      "fl_x": 7778.052211430555,
      "fl_y": 7778.052211430555,
      "transform_matrix": [
        [
          0.6726250965215385,
          0.7289179437477475,
          -0.12749161075124243,
          283.77644809940546
        ],
        [
          0.7399834319287488,
          -0.6625667284737575,
          0.11588723307824882,
          -261.9753317932385
        ],
        [
          5.8419871262245e-07,
          -0.1722903410006998,
          -0.9850462113005263,
          2186.988306851469
        ],
        [
          0.0,
          0.0,
          0.0,
          1.0
        ]
      ]
    },
    {
      "cx": 1024.0,
      "cy": 1024.0,
      "file_path": "./images/frame_0039.jpg",
      "fl_x": 7778.052211430555,
      "fl_y": 7778.052211430555,
      "transform_matrix": [
        [
          0.5988573308915124,
          0.7889081178647014,
          -0.13781828182308553,
          306.7510727240036
        ],
        [
          0.8008557281040658,
          -0.5899231089938262,
          0.10305740263544641,
          -233.52010576966254
        ],
        [
          6.322558928107208e-07,
          -0.1720892415063539,
          -0.9850813636230094,
          2186.988352776351
        ],
        [
          0.0,
          0.0,
          0.0,
          1.0
        ]
      ]
    },
    {
      "cx": 1024.0,
      "cy": 1024.0,
      "file_path": "./images/frame_0040.jpg",
      "fl_x": 7778.052211430555,
      "fl_y": 7778.052211430555,
      "transform_matrix": [
        [
          0.518498384935019,
          0.8423802247170297,
          -0.14681614974335624,
          326.7556637234601
        ],
        [
          0.8550786073919292,
          -0.5107982661865044,
          0.08902643675639224,
          -202.39728492590532
        ],
        [
          6.750635215370295e-07,
          -0.17169941253990303,
          -0.9851493854908484,
          2186.9884268393776
        ],
        [
          0.0,
          0.0,
          0.0,
          1.0
        ]
      ]
    },
    {
      "cx": 1024.0,
      "cy": 1024.0,
      "file_path": "./images/frame_0041.jpg",
      "fl_x": 7778.052211430555,
      "fl_y": 7778.052211430555,
      "transform_matrix": [
        [
          0.4312444705618327,
          0.8889229313823496,
          -0.15441576562143824,
          343.6360308279135
        ],
        [
          0.9022351171448256,
          -0.42488146351438616,
          0.0738074207145603,
          -168.6403741003971
        ],
        [
          7.122924261771406e-07,
          -0.1711483684540513,
          -0.9852452669132741,
          2186.9885252141357
        ],
        [
          0.0,
          0.0,
          0.0,
          1.0
        ]
      ]
    },
    {
      "cx": 1024.0,
      "cy": 1024.0,
      "file_path": "./images/frame_0042.jpg",
      "fl_x": 7778.052211430555,
      "fl_y": 7778.052211430555,
      "transform_matrix": [
        [
          0.3366412881863526,
          0.9278479602713701,
          -0.16053288045908568,
          357.20727859643057
        ],
        [
          0.9416329662281797,
          -0.3317129041276467,
          0.057392561778702104,
          -132.23683060020102
        ],
        [
          7.433960576799252e-07,
          -0.17048375833333979,
          -0.9853604863926636,
          2186.98864134982
        ],
        [
          0.0,
          0.0,
          0.0,
          1.0
        ]
      ]
    },
    {
      "cx": 1024.0,
      "cy": 1024.0,
      "file_path": "./images/frame_0043.jpg",
      "fl_x": 7778.052211430555,
      "fl_y": 7778.052211430555,
      "transform_matrix": [
        [
          0.23406516796838603,
          0.9581057140749207,
          -0.1650664647980251,
          367.25005449595756
        ],
        [
          0.9722209096410868,
          -0.23066675727346145,
          0.03974103604089796,
          -93.10046146771185
        ],
        [
          7.675444872707077e-07,
          -0.16978306083332487,
          -0.9854814621561779,
          2186.988764791719
        ],
        [
          0.0,
          0.0,
          0.0,
          1.0
        ]
      ]
    },
    {
      "cx": 1024.0,
      "cy": 1024.0,
      "file_path": "./images/frame_0044.jpg",
      "fl_x": 7778.052211430555,
      "fl_y": 7778.052211430555,
      "transform_matrix": [
        [
          0.12261115483591437,
          0.9781500456300664,
          -0.1678957800056407,
          373.50511143003445
        ],
        [
          0.9924547872367734,
          -0.12084376607398034,
          0.020743179405953542,
          -50.990954097691194
        ],
        [
          7.835186359928894e-07,
          -0.16917231580538283,
          -0.9855864891344797,
          2186.9888788576404
        ],
        [
          0.0,
          0.0,
          0.0,
          1.0
        ]
      ]
    },
    {
      "cx": 1024.0,
      "cy": 1024.0,
      "file_path": "./images/frame_0045.jpg",
      "fl_x": 7778.052211430555,
      "fl_y": 7778.052211430555,
      "transform_matrix": [
        [
          -6.147351792978256e-12,
          0.9856373475970521,
          -0.16887575024806772,
          375.66581440549976
        ],
        [
          0.9999999999996882,
          1.3332930873402954e-07,
          7.781353965017205e-07,
          -5.0248341383431345
        ],
        [
          7.894753953299383e-07,
          -0.16887575024801504,
          -0.985637347596745,
          2186.9889544552275
        ],
        [
          0.0,
          0.0,
          0.0,
          1.0
        ]
      ]
    },
    {
      "cx": 1024.0,
      "cy": 1024.0,
      "file_path": "./images/frame_0046.jpg",
      "fl_x": 7778.052211430555,
      "fl_y": 7778.052211430555,
      "transform_matrix": [
        [
          -0.12261819446706373,
          0.9781495118277445,
          -0.1678937488317609,
          373.5004872916775
        ],
        [
          0.9924539175120543,
          0.12085101130714213,
          -0.02074258134894401,
          40.94339635925571
        ],
        [
          7.835179487622322e-07,
          -0.16917022662745967,
          -0.9855868477319489,
          2186.988951692168
        ],
        [
          0.0,
          0.0,
          0.0,
          1.0
        ]
      ]
    },
    {
      "cx": 1024.0,
      "cy": 1024.0,
      "file_path": "./images/frame_0047.jpg",
      "fl_x": 7778.052211430555,
      "fl_y": 7778.052211430555,
      "transform_matrix": [
        [
          -0.23407952166771967,
          0.9581028679680239,
          -0.16506263031727883,
          367.2413426430967
        ],
        [
          0.9722174538318175,
          0.2306813053717996,
          -0.03974113507110902,
          83.05441872628307
        ],
        [
          7.675417584782465e-07,
          -0.16977935605782482,
          -0.9854821004239501,
          2186.988904312626
        ],
        [
          0.0,
          0.0,
          0.0,
          1.0
        ]
      ]
    },
    {
      "cx": 1024.0,
      "cy": 1024.0,
      "file_path": "./images/frame_0048.jpg",
      "fl_x": 7778.052211430555,
      "fl_y": 7778.052211430555,
      "transform_matrix": [
        [
          -0.3366623966183924,
          0.927841235468853,
          -0.1605274819673938,
          357.19503982070665
        ],
        [
          0.9416254195287037,
          0.3317342270804054,
          -0.05739313443922124,
          122.19180102121508
        ],
        [
          7.43390100073092e-07,
          -0.17047886774318347,
          -0.985361332533629,
          2186.98884280636
        ],
        [
          0.0,
          0.0,
          0.0,
          1.0
        ]
      ]
    },
    {
      "cx": 1024.0,
      "cy": 1024.0,
      "file_path": "./images/frame_0049.jpg",
      "fl_x": 7778.052211430555,
      "fl_y": 7778.052211430555,
      "transform_matrix": [
        [
          -0.4312711273991218,
          0.8889111617674615,
          -0.15440907083818664,
          343.620887904632
        ],
        [
          0.9022223753994261,
          0.4249083720909936,
          -0.07380826956106327,
          158.59592176761902
        ],
        [
          7.122823660750306e-07,
          -0.17114269429982507,
          -0.985246252561911,
          2186.9887842388844
        ],
        [
          0.0,
          0.0,
          0.0,
          1.0
        ]
      ]
    },
    {
      "cx": 1024.0,
      "cy": 1024.0,
      "file_path": "./images/frame_0050.jpg",
      "fl_x": 7778.052211430555,
      "fl_y": 7778.052211430555,
      "transform_matrix": [
        [
          -0.5185289414760994,
          0.8423627574986744,
          -0.14680845217801736,
          326.7382939880812
        ],
        [
          0.8550600779192188,
          0.5108291173515997,
          -0.08902738912584938,
          192.35303539460187
        ],
        [
          6.750488931570564e-07,
          -0.17169332440434287,
          -0.9851504465585598,
          2186.988739206116
        ],
        [
          0.0,
          0.0,
          0.0,
          1.0
        ]
      ]
    },
    {
      "cx": 1024.0,
      "cy": 1024.0,
      "file_path": "./images/frame_0051.jpg",
      "fl_x": 7778.052211430555,
      "fl_y": 7778.052211430555,
      "transform_matrix": [
        [
          -0.5988898849173351,
          0.788884870179476,
          -0.13780989567375723,
          306.73219523959517
        ],
        [
          0.8008313840898723,
          0.589955997352646,
          -0.10305831089409248,
          223.47574480427758
        ],
        [
          6.322366733325437e-07,
          -0.17208306944483398,
          -0.9850824418342073,
          2186.988714279371
        ],
        [
          0.0,
          0.0,
          0.0,
          1.0
        ]
      ]
    },
    {
      "cx": 1024.0,
      "cy": 1024.0,
      "file_path": "./images/frame_0052.jpg",
      "fl_x": 7778.052211430555,
      "fl_y": 7778.052211430555,
      "transform_matrix": [
        [
          -0.6726576641859494,
          0.7288894195223354,
          -0.1274828652027221,
          283.7568097904456
        ],
        [
          0.7399538274862568,
          0.6625996607053601,
          -0.11588797531055635,
          251.93060495022746
        ],
        [
          5.841753406740137e-07,
          -0.1722843688253066,
          -0.9850472558502582,
          2186.988713240595
        ],
        [
          0.0,
          0.0,
          0.0,
          1.0
        ]
      ]
    },
    {
      "cx": 1024.0,
      "cy": 1024.0,
      "file_path": "./images/frame_0053.jpg",
      "fl_x": 7778.052211430555,
      "fl_y": 7778.052211430555,
      "transform_matrix": [
        [
          -0.739983967805533,
          0.6625668317582575,
          -0.11588322072070907,
          257.93784107796415
        ],
        [
          0.6726245069803045,
          0.7289192104946881,
          -0.12748747852751213,
          277.6497307866058
        ],
        [
          5.310204982727658e-07,
          -0.17228458441086797,
          -0.985047218144436,
          2186.988737727869
        ],
        [
          0.0,
          0.0,
          0.0,
          1.0
        ]
      ]
    },
    {
      "cx": 1024.0,
      "cy": 1024.0,
      "file_path": "./images/frame_0054.jpg",
      "fl_x": 7778.052211430555,
      "fl_y": 7778.052211430555,
      "transform_matrix": [
        [
          -0.8008571063500459,
          0.5899218964203042,
          -0.10305363328143007,
          229.37302593421097
        ],
        [
          0.5988554877500981,
          0.7889102362118783,
          -0.13781416469909896,
          300.53579221290227
        ],
        [
          4.7278167265517957e-07,
          -0.17208368697813958,
          -0.98508233395782,
          2186.9887875231666
        ],
        [
          0.0,
          0.0,
          0.0,
          1.0
        ]
      ]
    },
    {
      "cx": 1024.0,
      "cy": 1024.0,
      "file_path": "./images/frame_0055.jpg",
      "fl_x": 7778.052211430555,
      "fl_y": 7778.052211430555,
      "transform_matrix": [
        [
          -0.8550804481479242,
          0.510795780535179,
          -0.08902301827394049,
          198.13053518444116
        ],
        [
          0.518495349251059,
          0.8423827828816499,
          -0.14681219264621598,
          320.46360742836225
        ],
        [
          4.0933932100375046e-07,
          -0.1716942564328359,
          -0.9851502841230915,
          2186.9888605501374
        ],
        [
          0.0,
          0.0,
          0.0,
          1.0
        ]
      ]
    },
    {
      "cx": 1024.0,
      "cy": 1024.0,
      "file_path": "./images/frame_0056.jpg",
      "fl_x": 7778.052211430555,
      "fl_y": 7778.052211430555,
