{
  "camera_model": "PINHOLE",
  "frames": [
    {
      "cx": 1024.0,
      "cy": 1024.0,
      "file_path": "./images/frame_0000.jpg",
      "fl_x": 7778.052211430555,
      "fl_y": 7778.052211430555,
      "transform_matrix": [
        [
          -0.9999999999999998,
          -7.616996908402492e-10,
          8.609022777955608e-17,
          8.299898813374683e-12
        ],
        [
          -7.507599880286735e-10,
          0.985637755297163,
          -0.16887337070352143,
          369.19214948381324
        ],
        [
          1.2863070940224422e-10,
          -0.16887337070352143,
          -0.9856377552971631,
          2222.989292497378
        ],
        [
          0.0,
          0.0,
          0.0,
          1.0
        ]
      ]
    },
    {
      "cx": 1024.0,
      "cy": 1024.0,
      "file_path": "./images/frame_0001.jpg",
      "fl_x": 7778.052211430555,
      "fl_y": 7778.052211430555,
      "transform_matrix": [
        [
          -0.9924551064538503,
          -0.12084140856060091,
          0.02074164050326651,
          -46.14281866436777
        ],
        [
          -0.12260857096331997,
          0.9781509433617986,
          -0.1678924367765149,
          367.03756140339874
        ],
        [
          -9.667839573277268e-08,
          -0.16916880911537285,
          -0.9855870910388779,
          2222.989250495709
        ],
        [
          0.0,
          0.0,
          0.0,
          1.0
        ]
      ]
    },
    {
      "cx": 1024.0,
      "cy": 1024.0,
      "file_path": "./images/frame_0002.jpg",
      "fl_x": 7778.052211430555,
      "fl_y": 7778.052211430555,
      "transform_matrix": [
        [
          -0.972221861912145,
          -0.23066313824705761,
          0.039738745250708224,
          -88.41406370385283
        ],
        [
          -0.23406121254929826,
          0.9581073884592777,
          -0.1650623547623598,
          360.8048060386113
        ],
        [
          -1.8467686949565476e-07,
          -0.16977852877723293,
          -0.9854822429481943,
          2222.9891617657017
        ],
        [
          0.0,
          0.0,
          0.0,
          1.0
        ]
      ]
    },
    {
      "cx": 1024.0,
      "cy": 1024.0,
      "file_path": "./images/frame_0003.jpg",
      "fl_x": 7778.052211430555,
      "fl_y": 7778.052211430555,
      "transform_matrix": [
        [
          -0.9416345157191507,
          -0.33170902674356173,
          0.057389549424956623,
          -127.70068894909294
        ],
        [
          -0.3366369540117215,
          0.9278503453807698,
          -0.16052818372639724,
          350.79930540423663
        ],
        [
          -2.656663978797935e-07,
          -0.17047832165300342,
          -0.9853614270136133,
          2222.989056677631
        ],
        [
          0.0,
          0.0,
          0.0,
          1.0
        ]
      ]
    },
    {
      "cx": 1024.0,
      "cy": 1024.0,
      "file_path": "./images/frame_0004.jpg",
      "fl_x": 7778.052211430555,
      "fl_y": 7778.052211430555,
      "transform_matrix": [
        [
          -0.902237003940395,
          -0.4248780957053072,
          0.07380374320108009,
          -164.2440014219976
        ],
        [
          -0.4312405230501226,
          0.8889257337133282,
          -0.15441065773345206,
          337.2793027791611
        ],
        [
          -3.403614170945507e-07,
          -0.17114217403098633,
          -0.9852463429355275,
          2222.9889526156453
        ],
        [
          0.0,
          0.0,
          0.0,
          1.0
        ]
      ]
    },
    {
      "cx": 1024.0,
      "cy": 1024.0,
      "file_path": "./images/frame_0005.jpg",
      "fl_x": 7778.052211430555,
      "fl_y": 7778.052211430555,
      "transform_matrix": [
        [
          -0.8550804495387114,
          -0.5107959252888411,
          0.08902217434432554,
          -198.13058591552053
        ],
        [
          -0.5184953469574316,
          0.8423830266702796,
          -0.14681080192312593,
          320.46329982665554
        ],
        [
          -4.092542223490387e-07,
          -0.17169262967913135,
          -0.9851505676360832,
          2222.988860572647
        ],
        [
          0.0,
          0.0,
          0.0,
          1.0
        ]
      ]
    },
    {
      "cx": 1024.0,
      "cy": 1024.0,
      "file_path": "./images/frame_0006.jpg",
      "fl_x": 7778.052211430555,
      "fl_y": 7778.052211430555,
      "transform_matrix": [
        [
          -0.8008571080722007,
          -0.5899220647116583,
          0.10305265652357151,
          -229.37308476329528
        ],
        [
          -0.598855485447038,
          0.788910465976701,
          -0.13781285942326463,
          300.535468943266
        ],
        [
          -4.7270335795529164e-07,
          -0.1720820567019067,
          -0.9850826187488123,
          2222.988787543895
        ],
        [
          0.0,
          0.0,
          0.0,
          1.0
        ]
      ]
    },
    {
      "cx": 1024.0,
      "cy": 1024.0,
      "file_path": "./images/frame_0007.jpg",
      "fl_x": 7778.052211430555,
      "fl_y": 7778.052211430555,
      "transform_matrix": [
        [
          -0.7399839697613128,
          -0.6625670216523585,
          0.11588212249959694,
          -257.93790736042445
        ],
        [
          -0.6726245048286649,
          0.7289194236441202,
          -0.12748627117582864,
          277.6493895112725
        ],
        [
          -5.309485298518951e-07,
          -0.17228295229954294,
          -0.985047503599025,
          2222.988737748385
        ],
        [
          0.0,
          0.0,
          0.0,
          1.0
        ]
      ]
    },
    {
      "cx": 1024.0,
      "cy": 1024.0,
      "file_path": "./images/frame_0008.jpg",
      "fl_x": 7778.052211430555,
      "fl_y": 7778.052211430555,
      "transform_matrix": [
        [
          -0.672657666243903,
          -0.7288896289153807,
          0.12748165712330825,
          -283.7568828661683
        ],
        [
          -0.7399538256154671,
          0.6625998547405921,
          -0.11588687783688557,
          251.93024342158415
        ],
        [
          -5.841093044329493e-07,
          -0.17228273667824293,
          -0.9850475413107299,
          2222.9887132566955
        ],
        [
          0.0,
          0.0,
          0.0,
          1.0
        ]
      ]
    },
    {
      "cx": 1024.0,
      "cy": 1024.0,
      "file_path": "./images/frame_0009.jpg",
      "fl_x": 7778.052211430555,
      "fl_y": 7778.052211430555,
      "transform_matrix": [
        [
          -0.5988898869311661,
          -0.7888850967855073,
          0.13780858972246796,
          -306.7322744201598
        ],
        [
          -0.8008313825838589,
          0.5899561698955573,
          -0.10305733487233766,
          223.47536084684955
        ],
        [
          -6.321761548957307e-07,
          -0.17208143906849743,
          -0.9850827266416334,
          2222.9887142946973
        ],
        [
          0.0,
          0.0,
          0.0,
          1.0
        ]
      ]
    },
    {
      "cx": 1024.0,
      "cy": 1024.0,
      "file_path": "./images/frame_0010.jpg",
      "fl_x": 7778.052211430555,
      "fl_y": 7778.052211430555,
      "transform_matrix": [
        [
          -0.518528943281706,
          -0.842362998867092,
          0.14680706086151635,
          -326.73837855607513
        ],
        [
          -0.8550600768242556,
          0.5108292661437269,
          -0.08902654588581758,
          192.35262687883414
        ],
        [
          -6.749934498063349e-07,
          -0.17169169750078464,
          -0.985150730096082,
          2222.9887392189235
        ],
        [
          0.0,
          0.0,
          0.0,
          1.0
        ]
      ]
    },
    {
      "cx": 1024.0,
      "cy": 1024.0,
      "file_path": "./images/frame_0011.jpg",
      "fl_x": 7778.052211430555,
      "fl_y": 7778.052211430555,
      "transform_matrix": [
        [
          -0.4312711288573044,
          -0.8889114152808753,
          0.15440760731744108,
          -343.6209770914461
        ],
        [
          -0.9022223747024005,
          0.42490849502689637,
          -0.07380757034572384,
          158.59548659141794
        ],
        [
          -7.122314977353685e-07,
          -0.17114107232727271,
          -0.9852465343060911,
          2222.9887842506596
        ],
        [
          0.0,
          0.0,
          0.0,
          1.0
        ]
      ]
    },
    {
      "cx": 1024.0,
      "cy": 1024.0,
      "file_path": "./images/frame_0012.jpg",
      "fl_x": 7778.052211430555,
      "fl_y": 7778.052211430555,
      "transform_matrix": [
        [
          -0.3366623976025815,
          -0.927841498389855,
          0.16052596022497348,
          -357.1951328119164
        ],
        [
          -0.9416254191768234,
          0.33173432216738963,
          -0.05739259060378539,
          122.19133706649363
        ],
        [
          -7.433432091716183e-07,
          -0.17047725174289655,
          -0.9853616121189398,
          2222.9888428136437
        ],
        [
          0.0,
          0.0,
          0.0,
          1.0
        ]
      ]
    },
    {
      "cx": 1024.0,
      "cy": 1024.0,
      "file_path": "./images/frame_0013.jpg",
      "fl_x": 7778.052211430555,
      "fl_y": 7778.052211430555,
      "transform_matrix": [
        [
          -0.23407952208517321,
          -0.9581031374799174,
          0.1650610653410301,
          -367.2414385631241
        ],
        [
          -0.9722174537313079,
          0.23068137068817043,
          -0.0397407583928519,
          83.05392379841626
        ],
        [
          -7.674980957525884e-07,
          -0.16977774638793444,
          -0.985482377737342,
          2222.9889043174485
        ],
        [
          0.0,
          0.0,
          0.0,
          1.0
        ]
      ]
    },
    {
      "cx": 1024.0,
      "cy": 1024.0,
      "file_path": "./images/frame_0014.jpg",
      "fl_x": 7778.052211430555,
      "fl_y": 7778.052211430555,
      "transform_matrix": [
        [
          -0.12261819428401008,
          -0.978149785109045,
          0.1678921568199582,
          -373.5005851883859
        ],
        [
          -0.9924539175346706,
          0.12085104487969284,
          -0.020742384664535138,
          40.942868073360295
        ],
        [
          -7.834765329987373e-07,
          -0.16916862251202244,
          -0.985587123067652,
          2222.988951693756
        ],
        [
          0.0,
          0.0,
          0.0,
          1.0
        ]
      ]
    },
    {
      "cx": 1024.0,
      "cy": 1024.0,
      "file_path": "./images/frame_0015.jpg",
      "fl_x": 7778.052211430555,
      "fl_y": 7778.052211430555,
      "transform_matrix": [
        [
          7.481631243388009e-10,
          -0.9856376219608165,
          0.16887414892584066,
          -375.6659132429574
        ],
        [
          -0.9999999999996885,
          1.3257772388068743e-07,
          7.782230519988614e-07,
          -5.025398877886509
        ],
        [
          -7.894348686095273e-07,
          -0.16887414892578864,
          -0.9856376219605091,
          2222.988954454249
        ],
        [
          0.0,
          0.0,
          0.0,
          1.0
        ]
      ]
    },
    {
      "cx": 1024.0,
      "cy": 1024.0,
      "file_path": "./images/frame_0016.jpg",
      "fl_x": 7778.052211430555,
      "fl_y": 7778.052211430555,
      "transform_matrix": [
        [
          0.12261115501989964,
          -0.9781503188152634,
          0.1678941883040765,
          -373.505210073191
        ],
        [
          -0.9924547872140435,
          -0.12084380001661253,
          0.020742982752551434,
          -50.99155494755742
        ],
        [
          -7.834772183888315e-07,
          -0.169170712001645,
          -0.9855867644201817,
          2222.9888788503117
        ],
        [
          0.0,
          0.0,
          0.0,
          1.0
        ]
      ]
    },
    {
      "cx": 1024.0,
      "cy": 1024.0,
      "file_path": "./images/frame_0017.jpg",
      "fl_x": 7778.052211430555,
      "fl_y": 7778.052211430555,
      "transform_matrix": [
        [
          0.23406516754450404,
          -0.9581059836982874,
          0.16506490039950997,
          -367.2501518212657
        ],
        [
          -0.9722209097431375,
          -0.2306668217530699,
          0.039740659286973345,
          -93.10109543348348
        ],
        [
          -7.675008220642402e-07,
          -0.16978145170740647,
          -0.9854817393820833,
          2222.988764780441
        ],
        [
          0.0,
          0.0,
          0.0,
          1.0
        ]
      ]
    },
    {
      "cx": 1024.0,
      "cy": 1024.0,
      "file_path": "./images/frame_0018.jpg",
      "fl_x": 7778.052211430555,
      "fl_y": 7778.052211430555,
      "transform_matrix": [
        [
          0.3366412871983693,
          -0.9278482237731088,
          0.1605313595361108,
          -357.207373562868
        ],
        [
          -0.9416329665813918,
          -0.3317129972434355,
          0.05739201779780915,
          -132.2374953764955
        ],
        [
          -7.433491649967715e-07,
          -0.17048214305569817,
          -0.9853607658612067,
          2222.9886413344375
        ],
        [
          0.0,
          0.0,
          0.0,
          1.0
        ]
      ]
    },
    {
      "cx": 1024.0,
      "cy": 1024.0,
      "file_path": "./images/frame_0019.jpg",
      "fl_x": 7778.052211430555,
      "fl_y": 7778.052211430555,
      "transform_matrix": [
        [
          0.43124446910090714,
          -0.8889231861438396,
          0.1544143031126369,
          -343.6361224565648
        ],
        [
          -0.902235117843109,
          -0.424881583526348,
          0.07380672131163629,
          -168.64106756404357
        ],
        [
          -7.122415554844815e-07,
          -0.17114674731360677,
          -0.9852455485225318,
          2222.9885251965957
        ],
        [
          0.0,
          0.0,
          0.0,
          1.0
        ]
      ]
    },
    {
      "cx": 1024.0,
      "cy": 1024.0,
      "file_path": "./images/frame_0020.jpg",
      "fl_x": 7778.052211430555,
      "fl_y": 7778.052211430555,
      "transform_matrix": [
        [
          0.5184983831261557,
          -0.8423804681148728,
          0.14681475959224927,
          -326.7557510912905
        ],
        [
          -0.8550786084887789,
          -0.5107984113520888,
          0.08902559331493244,
          -202.39800501997905
        ],
        [
          -6.750080773029219e-07,
          -0.17169778652839426,
          -0.9851496688832587,
          2222.9884268188016
        ],
        [
          0.0,
          0.0,
          0.0,
          1.0
        ]
      ]
    },
    {
      "cx": 1024.0,
      "cy": 1024.0,
      "file_path": "./images/frame_0021.jpg",
      "fl_x": 7778.052211430555,
      "fl_y": 7778.052211430555,
      "transform_matrix": [
        [
          0.5988573288840136,
          -0.7889083473088326,
          0.13781697714124624,
          -306.75115494850337
        ],
        [
          -0.8008557296052172,
          -0.5899232774966451,
          0.10305642641830454,
          -233.52085043980304
        ],
        [
          -6.321953747391983e-07,
          -0.17208761202963602,
          -0.9850816482838048,
          2222.988352752011
        ],
        [
          0.0,
          0.0,
          0.0,
          1.0
        ]
      ]
    },
    {
      "cx": 1024.0,
      "cy": 1024.0,
      "file_path": "./images/frame_0022.jpg",
      "fl_x": 7778.052211430555,
      "fl_y": 7778.052211430555,
      "transform_matrix": [
        [
          0.6726250944653138,
          -0.7289181567124108,
          0.12749040399382655,
          -283.77652434077385
        ],
        [
          -0.7399834337978024,
          -0.6625669183705967,
          0.11588613543347051,
          -261.9760989519206
        ],
        [
          -5.841326780792245e-07,
          -0.17228870971677904,
          -0.9850464966202288,
          2222.988306823994
        ],
        [
          0.0,
          0.0,
          0.0,
          1.0
        ]
      ]
    },
    {
      "cx": 1024.0,
      "cy": 1024.0,
      "file_path": "./images/frame_0023.jpg",
      "fl_x": 7778.052211430555,
      "fl_y": 7778.052211430555,
      "transform_matrix": [
        [
          0.7399532917402244,
          -0.6625997491196692,
          0.1158908905365635,
          -257.95754883471005
        ],
        [
          -0.6726582535303677,
          -0.7288883640588502,
          0.1274857901771354,
          -287.69580581049115
        ],
        [
          -5.309751736606515e-07,
          -0.1722884941200787,
          -0.9850465343289897,
          2222.988290772868
        ],
        [
          0.0,
          0.0,
          0.0,
          1.0
        ]
      ]
    },
    {
      "cx": 1024.0,
      "cy": 1024.0,
      "file_path": "./images/frame_0024.jpg",
      "fl_x": 7778.052211430555,
      "fl_y": 7778.052211430555,
      "transform_matrix": [
        [
          0.8008300058003998,
          -0.5899573802745467,
          0.10306110454155377,
          -229.3919652904105
        ],
        [
          -0.5988917279521465,
          -0.7888829797862574,
          0.1378127076653212,
          -310.5825811341109
        ],
        [
          -4.7273197088986595e-07,
          -0.17208699446253592,
          -0.9850817561688102,
          2222.9883045267393
        ],
        [
          0.0,
          0.0,
          0.0,
          1.0
        ]
      ]
    },
    {
      "cx": 1024.0,
      "cy": 1024.0,
      "file_path": "./images/frame_0025.jpg",
      "fl_x": 7778.052211430555,
      "fl_y": 7778.052211430555,
      "transform_matrix": [
        [
          0.8550582369914079,
          -0.5108317499409576,
          0.0890299646490124,
          -198.14795845072877
        ],
        [
          -0.5185319771749644,
          -0.8423604415118641,
          0.14681101873823924,
          -330.5111830819976
        ],
        [
          -4.0928314170813017e-07,
          -0.171696854450501,
          -0.9851498313310701,
          2222.988346196584
        ],
        [
          0.0,
          0.0,
          0.0,
          1.0
        ]
      ]
    },
    {
      "cx": 1024.0,
      "cy": 1024.0,
      "file_path": "./images/frame_0026.jpg",
      "fl_x": 7778.052211430555,
      "fl_y": 7778.052211430555,
      "transform_matrix": [
        [
          0.90222048936797,
          -0.4249119809181729,
          0.07381054827607685,
          -164.25914678647663
        ],
        [
          -0.43127507296910284,
          -0.8889088684560474,
          0.1544112528790713,
          -347.3279716454301
        ],
        [
          -3.403886951829621e-07,
          -0.1711456457301316,
          -0.9852457398778747,
          2222.988411801136
        ],
        [
          0.0,
          0.0,
          0.0,
          1.0
        ]
      ]
    },
    {
      "cx": 1024.0,
      "cy": 1024.0,
      "file_path": "./images/frame_0027.jpg",
      "fl_x": 7778.052211430555,
      "fl_y": 7778.052211430555,
      "transform_matrix": [
        [
          0.9416238704216137,
          -0.3317382912382692,
          0.05739505883378294,
          -127.71292969776032
        ],
        [
          -0.3366667293513713,
          -0.9278393771477041,
          0.16052913617786185,
          -360.8487124724711
        ],
        [
          -2.656899063003068e-07,
          -0.1704810732617358,
          -0.9853609509512015,
          2222.9884946191237
        ],
        [
          0.0,
          0.0,
          0.0,
          1.0
        ]
      ]
    },
    {
      "cx": 1024.0,
      "cy": 1024.0,
      "file_path": "./images/frame_0028.jpg",
      "fl_x": 7778.052211430555,
      "fl_y": 7778.052211430555,
      "transform_matrix": [
        [
          0.9722165017021502,
          -0.23068505329641287,
          0.039742672326659,
          -88.42277696104574
        ],
        [
          -0.2340834761746307,
          -0.9581017328448745,
          0.16506361107660755,
          -370.85483920291796
        ],
        [
          -1.8469444754480403e-07,
          -0.16978066940991732,
          -0.9854818741583663,
          2222.9885839974845
        ],
        [
          0.0,
          0.0,
          0.0,
          1.0
        ]
      ]
    },
    {
      "cx": 1024.0,
      "cy": 1024.0,
      "file_path": "./images/frame_0029.jpg",
      "fl_x": 7778.052211430555,
      "fl_y": 7778.052211430555,
      "transform_matrix": [
        [
          0.9924535983197204,
          -0.12085343593873964,
          0.0207437268599485,
          -46.14744354801128
        ],
        [
          -0.12262077793844664,
          -0.9781491605782077,
          0.16789390840026902,
          -377.0880381652195
        ],
        [
          -9.668803429180922e-08,
          -0.16917052545271807,
          -0.9855867964405985,
          2222.9886629458533
        ],
        [
          0.0,
          0.0,
          0.0,
          1.0
        ]
      ]
    },
    {
      "cx": 1024.0,
      "cy": 1024.0,
      "file_path": "./images/frame_0030.jpg",
      "fl_x": 7778.052211430555,
      "fl_y": 7778.052211430555,
      "transform_matrix": [
        [
          1.0,
          7.616994318033612e-10,
          1.30340714227843e-16,
          -1.0089305561399372e-10
        ],
        [
          7.507594930372186e-10,
          -0.9856374886233497,
          0.1688749271510026,
          -379.2428015130826
        ],
        [
          1.2863206452544692e-10,
          -0.16887492715100258,
          -0.9856374886233495,
          2222.988701569528
        ],
        [
          0.0,
          0.0,
          0.0,
          1.0
        ]
      ]
    },
    {
      "cx": 1024.0,
      "cy": 1024.0,
      "file_path": "./images/frame_0031.jpg",
      "fl_x": 7778.052211430555,
      "fl_y": 7778.052211430555,
      "transform_matrix": [
        [
          0.9924535981356123,
          0.12085343745063108,
          -0.020743726860014376,
          46.14744354820021
        ],
        [
          0.12262077942855805,
          -0.9781491603913159,
          0.16789390840080062,
          -377.08803816528825
        ],
        [
          9.694574828861532e-08,
          -0.16917052545325356,
          -0.9855867964405067,
          2222.988662945934
        ],
        [
          0.0,
          0.0,
          0.0,
          1.0
        ]
      ]
    },
    {
      "cx": 1024.0,
      "cy": 1024.0,
      "file_path": "./images/frame_0032.jpg",
      "fl_x": 7778.052211430555,
      "fl_y": 7778.052211430555,
      "transform_matrix": [
        [
          0.9722165013507248,
          0.23068505477746076,
          -0.039742672326807116,
          88.42277696097428
        ],
        [
          0.23408347763420173,
          -0.9581017324881661,
          0.16506361107722264,
          -370.8548392029567
        ],
        [
          1.84953091185419e-07,
          -0.16978066941054973,
          -0.9854818741582574,
          2222.9885839975295
        ],
        [
          0.0,
          0.0,
          0.0,
          1.0
        ]
      ]
    },
    {
      "cx": 1024.0,
      "cy": 1024.0,
      "file_path": "./images/frame_0033.jpg",
      "fl_x": 7778.052211430555,
      "fl_y": 7778.052211430555,
      "transform_matrix": [
        [
          0.9416238699180414,
          0.33173829266774624,
          -0.057395058833140826,
          127.71292969557152
        ],
        [
          0.33666673075981274,
          -0.9278393766364936,
          0.16052913617876977,
          -360.8487124727624
        ],
        [
          2.6594961694287907e-07,
          -0.17048107326237408,
          -0.9853609509510906,
          2222.9884946194616
        ],
        [
          0.0,
          0.0,
          0.0,
          1.0
        ]
      ]
    },
    {
      "cx": 1024.0,
      "cy": 1024.0,
      "file_path": "./images/frame_0034.jpg",
      "fl_x": 7778.052211430555,
      "fl_y": 7778.052211430555,
      "transform_matrix": [
        [
          0.9022204887217582,
          0.4249119822903218,
          -0.0738105482758456,
          164.25914678512888
        ],
        [
          0.43127507432096707,
          -0.888908867800067,
          0.15441125287959837,
          -347.3279716451985
        ],
        [
          3.406494182145186e-07,
          -0.1711456457305069,
          -0.9852457398778092,
          2222.988411800867
        ],
        [
          0.0,
          0.0,
          0.0,
          1.0
        ]
      ]
    },
    {
      "cx": 1024.0,
      "cy": 1024.0,
      "file_path": "./images/frame_0035.jpg",
      "fl_x": 7778.052211430555,
      "fl_y": 7778.052211430555,
      "transform_matrix": [
        [
          0.855058236214455,
          0.5108317512416104,
          -0.08902996464817012,
          198.1479584499256
        ],
        [
          0.5185319784561576,
          -0.8423604407233027,
          0.14681101873764743,
          -330.51118308229337
        ],
        [
          4.09544704661676e-07,
          -0.17169685444955757,
          -0.9851498313312343,
          2222.9883461969266
        ],
        [
          0.0,
          0.0,
          0.0,
          1.0
        ]
      ]
    },
    {
      "cx": 1024.0,
      "cy": 1024.0,
      "file_path": "./images/frame_0036.jpg",
      "fl_x": 7778.052211430555,
      "fl_y": 7778.052211430555,
      "transform_matrix": [
        [
          0.8008300049030067,
          0.5899573814928996,
          -0.10306110454042229,
          229.3919652890386
        ],
        [
          0.5988917291521287,
          -0.7888829788754256,
          0.13781270766445425,
          -310.58258113389195
        ],
        [
          4.7299412790985965e-07,
          -0.17208699446116332,
          -0.98508175616905,
          2222.9883045264855
        ],
        [
          0.0,
          0.0,
          0.0,
          1.0
        ]
      ]
    },
    {
      "cx": 1024.0,
      "cy": 1024.0,
      "file_path": "./images/frame_0037.jpg",
      "fl_x": 7778.052211430555,
      "fl_y": 7778.052211430555,
      "transform_matrix": [
        [
          0.7399532907322164,
          0.6625997502453789,
          -0.1158908905364233,
          257.9575488336147
        ],
        [
          0.6726582546392198,
          -0.7288883630354747,
          0.12748579017751227,
          -287.6958058103739
        ],
        [
          5.312376374586936e-07,
          -0.1722884941202625,
          -0.9850465343289576,
          2222.9882907727315
        ],
        [
          0.0,
          0.0,
          0.0,
          1.0
        ]
      ]
    },
    {
      "cx": 1024.0,
      "cy": 1024.0,
      "file_path": "./images/frame_0038.jpg",
      "fl_x": 7778.052211430555,
      "fl_y": 7778.052211430555,
      "transform_matrix": [
        [
          0.6726250933604515,
          0.7289181577319964,
          -0.12749040399354106,
          283.7765243407626
        ],
        [
          0.7399834348020923,
          -0.6625669172487006,
          0.11588613543496454,
          -261.97609895541007
        ],
        [
          5.843951430279104e-07,
          -0.17228870971757185,
          -0.9850464966200898,
          2222.9883068237655
        ],
        [
          0.0,
          0.0,
          0.0,
          1.0
        ]
      ]
    },
    {
      "cx": 1024.0,
      "cy": 1024.0,
      "file_path": "./images/frame_0039.jpg",
      "fl_x": 7778.052211430555,
      "fl_y": 7778.052211430555,
      "transform_matrix": [
        [
          0.5988573276848851,
          0.788908348218961,
          -0.13781697714196325,
          306.75115494634764
        ],
        [
          0.8008557305018913,
          -0.589923276279137,
          0.1030564264195633,
          -233.52085043900172
        ],
        [
          6.324575326851242e-07,
          -0.17208761203096312,
          -0.9850816482835727,
          2222.98835275108
        ],
        [
          0.0,
          0.0,
          0.0,
          1.0
        ]
      ]
    },
    {
      "cx": 1024.0,
      "cy": 1024.0,
      "file_path": "./images/frame_0040.jpg",
      "fl_x": 7778.052211430555,
      "fl_y": 7778.052211430555,
      "transform_matrix": [
        [
          0.5184983818416271,
          0.842380468905589,
          -0.14681475959185397,
          326.7557510926062
        ],
        [
          0.8550786092676848,
          -0.5107984100482897,
          0.0890255933143997,
          -202.39800501972013
        ],
        [
          6.752696413981644e-07,
          -0.171697786527779,
          -0.9851496688833655,
          2222.9884268185015
        ],
        [
          0.0,
          0.0,
          0.0,
          1.0
        ]
      ]
    },
    {
      "cx": 1024.0,
      "cy": 1024.0,
      "file_path": "./images/frame_0041.jpg",
      "fl_x": 7778.052211430555,
      "fl_y": 7778.052211430555,
      "transform_matrix": [
        [
          0.4312444677456241,
          0.888923186801132,
          -0.15441430311377688,
          343.63612245764074
        ],
        [
          0.9022351184908987,
          -0.42488158215071453,
          0.07380672131194994,
          -168.64106756401372
        ],
        [
          7.125022800397515e-07,
          -0.17114674731476948,
          -0.9852455485223298,
          2222.9885251965616
        ],
        [
          0.0,
          0.0,
          0.0,
          1.0
        ]
      ]
    },
    {
      "cx": 1024.0,
      "cy": 1024.0,
      "file_path": "./images/frame_0042.jpg",
      "fl_x": 7778.052211430555,
      "fl_y": 7778.052211430555,
      "transform_matrix": [
        [
          0.33664128578488667,
          0.927848224286242,
          -0.16053135953441006,
          357.2073735624533
        ],
        [
          0.9416329670867231,
          -0.33171299580905844,
          0.05739201779720097,
          -132.2374953763651
        ],
        [
          7.436088770975453e-07,
          -0.17048214305389087,
          -0.9853607658615193,
          2222.9886413342865
        ],
        [
          0.0,
          0.0,
          0.0,
          1.0
        ]
      ]
    },
    {
      "cx": 1024.0,
      "cy": 1024.0,
      "file_path": "./images/frame_0043.jpg",
      "fl_x": 7778.052211430555,
      "fl_y": 7778.052211430555,
      "transform_matrix": [
        [
          0.23406516608492742,
          0.9581059840546651,
          -0.165064900400653,
          367.25015182111963
        ],
        [
          0.9722209100945349,
          -0.23066682027194316,
          0.039740659287248646,
          -93.10109543312485
        ],
        [
          7.677594668893364e-07,
          -0.16978145170858103,
          -0.9854817393818808,
          2222.9887647800247
        ],
        [
          0.0,
          0.0,
          0.0,
          1.0
        ]
      ]
    },
    {
      "cx": 1024.0,
      "cy": 1024.0,
      "file_path": "./images/frame_0044.jpg",
      "fl_x": 7778.052211430555,
      "fl_y": 7778.052211430555,
      "transform_matrix": [
        [
          0.12261115353048242,
          0.9781503190020316,
          -0.1678941883036706,
          373.50521007147194
        ],
        [
          0.992454787398051,
          -0.12084379850540225,
          0.020742982752621007,
          -50.99155494741016
        ],
        [
          7.837349330545351e-07,
          -0.16917071200124947,
          -0.9855867644202494,
          2222.9888788501407
        ],
        [
          0.0,
          0.0,
          0.0,
          1.0
        ]
      ]
    },
    {
      "cx": 1024.0,
      "cy": 1024.0,
      "file_path": "./images/frame_0045.jpg",
      "fl_x": 7778.052211430555,
      "fl_y": 7778.052211430555,
      "transform_matrix": [
        [
          -7.533568614546623e-10,
          0.985637621960762,
          -0.16887414892615782,
          375.6659132403741
        ],
        [
          0.9999999999996882,
          1.341011235215462e-07,
          7.782230521848851e-07,
          -5.025398877647547
        ],
        [
          7.896921316062317e-07,
          -0.16887414892610453,
          -0.9856376219604548,
          2222.9889544539724
        ],
        [
          0.0,
          0.0,
          0.0,
          1.0
        ]
      ]
    },
    {
      "cx": 1024.0,
      "cy": 1024.0,
      "file_path": "./images/frame_0046.jpg",
      "fl_x": 7778.052211430555,
      "fl_y": 7778.052211430555,
      "transform_matrix": [
        [
          -0.12261819577447056,
          0.9781497849223174,
          -0.16789215681930286,
          373.50058518793156
        ],
        [
          0.9924539173505231,
          0.12085104639195286,
          -0.020742384664514422,
          40.942868073325656
        ],
        [
          7.837342438411061e-07,
          -0.1691686225113683,
          -0.9855871230677639,
          2222.988951693796
        ],
        [
          0.0,
          0.0,
          0.0,
          1.0
        ]
      ]
    },
    {
      "cx": 1024.0,
      "cy": 1024.0,
      "file_path": "./images/frame_0047.jpg",
      "fl_x": 7778.052211430555,
      "fl_y": 7778.052211430555,
      "transform_matrix": [
        [
          -0.2340795235453942,
          0.9581031371234856,
          -0.1650610653391533,
          367.24143856178966
        ],
        [
          0.972217453379732,
          0.2306813721699606,
          -0.039740758392516194,
          83.05392379868766
        ],
        [
          7.677567351428643e-07,
          -0.16977774638603,
          -0.9854823777376696,
          2222.988904317133
        ],
        [
          0.0,
          0.0,
          0.0,
          1.0
        ]
      ]
    },
    {
      "cx": 1024.0,
      "cy": 1024.0,
      "file_path": "./images/frame_0048.jpg",
      "fl_x": 7778.052211430555,
      "fl_y": 7778.052211430555,
      "transform_matrix": [
        [
          -0.3366623990160545,
          0.9278414978768879,
          -0.16052596022552848,
          357.1951328119451
        ],
        [
          0.9416254186714595,
          0.3317343236018268,
          -0.057392590603984106,
          122.19133706623315
        ],
        [
          7.436029138354831e-07,
          -0.1704772517434849,
          -0.9853616121188378,
          2222.988842813945
        ],
        [
          0.0,
          0.0,
          0.0,
          1.0
        ]
      ]
    },
    {
      "cx": 1024.0,
      "cy": 1024.0,
      "file_path": "./images/frame_0049.jpg",
      "fl_x": 7778.052211430555,
      "fl_y": 7778.052211430555,
      "transform_matrix": [
        [
          -0.4312711302103722,
          0.8889114146243712,
          -0.15440760731766826,
          343.62097709245586
        ],
        [
          0.9022223740556206,
          0.42490849640024686,
          -0.07380757034560186,
          158.59548659158895
        ],
        [
          7.124922134181662e-07,
          -0.17114107232742393,
          -0.985246534306065,
          2222.988784250461
        ],
        [
          0.0,
          0.0,
          0.0,
          1.0
        ]
      ]
    },
    {
      "cx": 1024.0,
      "cy": 1024.0,
      "file_path": "./images/frame_0050.jpg",
      "fl_x": 7778.052211430555,
      "fl_y": 7778.052211430555,
      "transform_matrix": [
        [
          -0.5185289445674548,
          0.8423629980756032,
          -0.14680706086167158,
          326.738378553979
        ],
        [
          0.8550600760445464,
          0.5108292674487375,
          -0.08902654588649803,
          192.35262687850144
        ],
        [
          6.752550041812138e-07,
          -0.17169169750126914,
          -0.9851507300959973,
          2222.9887392193095
        ],
        [
          0.0,
          0.0,
          0.0,
          1.0
        ]
      ]
    },
    {
      "cx": 1024.0,
      "cy": 1024.0,
      "file_path": "./images/frame_0051.jpg",
      "fl_x": 7778.052211430555,
      "fl_y": 7778.052211430555,
      "transform_matrix": [
        [
          -0.5988898881342991,
          0.7888850958722482,
          -0.1378085897218307,
          306.7322744190926
        ],
        [
          0.8008313816841134,
          0.5899561711169297,
          -0.10305733487222248,
          223.47536084688744
        ],
        [
          6.324383034784673e-07,
          -0.17208143906791715,
          -0.9850827266417345,
          2222.9887142946523
        ],
        [
          0.0,
          0.0,
          0.0,
          1.0
        ]
      ]
    },
    {
      "cx": 1024.0,
      "cy": 1024.0,
      "file_path": "./images/frame_0052.jpg",
      "fl_x": 7778.052211430555,
      "fl_y": 7778.052211430555,
      "transform_matrix": [
        [
          -0.6726576673542921,
          0.728889627890779,
          -0.1274816571225975,
          283.75688286634403
        ],
        [
          0.7399538246060632,
          0.6625998558679497,
          -0.11588687783623934,
          251.93024342105
        ],
        [
          5.843717598578751e-07,
          -0.17228273667728142,
          -0.9850475413108977,
          2222.9887132573153
        ],
        [
          0.0,
          0.0,
          0.0,
          1.0
        ]
      ]
    },
    {
      "cx": 1024.0,
      "cy": 1024.0,
      "file_path": "./images/frame_0053.jpg",
      "fl_x": 7778.052211430555,
      "fl_y": 7778.052211430555,
      "transform_matrix": [
        [
          -0.7399839707720619,
          0.6625670205236047,
          -0.11588212249905223,
          257.93790735932316
        ],
        [
          0.6726245037166947,
          0.728919424670224,
          -0.1274862711757604,
          277.64938951214356
        ],
        [
          5.31210985720765e-07,
          -0.1722829522991253,
          -0.9850475035990981,
          2222.9887377473747
        ],
        [
          0.0,
          0.0,
          0.0,
          1.0
        ]
      ]
    },
    {
      "cx": 1024.0,
      "cy": 1024.0,
      "file_path": "./images/frame_0054.jpg",
      "fl_x": 7778.052211430555,
      "fl_y": 7778.052211430555,
      "transform_matrix": [
        [
          -0.8008571089722336,
          0.5899220634899798,
          -0.10305265652257731,
          229.37308476218703
        ],
        [
          0.5988554842434127,
          0.7889104668904828,
          -0.13781285942258126,
          300.53546894368066
        ],
        [
          4.729655074084446e-07,
          -0.17208205670076335,
          -0.985082618749012,
          2222.9887875434138
        ],
        [
          0.0,
          0.0,
          0.0,
          1.0
        ]
      ]
    },
    {
      "cx": 1024.0,
      "cy": 1024.0,
      "file_path": "./images/frame_0055.jpg",
      "fl_x": 7778.052211430555,
      "fl_y": 7778.052211430555,
      "transform_matrix": [
        [
          -0.8550804503181045,
          0.5107959239841532,
          -0.0890221743441595,
          198.13058591474655
        ],
        [
          0.5184953456720891,
          0.8423830274613299,
          -0.14681080192364918,
          320.4632998270178
        ],
        [
          4.095157785241891e-07,
          -0.17169262967949206,
          -0.9851505676360202,
          2222.9888605722244
        ],
        [
          0.0,
          0.0,
          0.0,
          1.0
        ]
      ]
    },
    {
      "cx": 1024.0,
      "cy": 1024.0,
      "file_path": "./images/frame_0056.jpg",
      "fl_x": 7778.052211430555,
