{
    "w": 2048,
    "h": 2048,
    "k1": 0,
    "k2": 0,
    "p1": 0,
    "p2": 0,
    "fl_x": 7778.052211430555,
    "fl_y": 7778.052211430555,
    "cx": 1024.0,
    "cy": 1024.0,
    "frames": [
        {
            "file_path": "images/frame_0000.jpg",
            "transform_matrix": [
                [
                    -0.9999999999999998,
                    -7.616996833574357e-10,
                    8.638910951028422e-17,
                    8.29913915367797e-12
                ],
                [
                    -7.507599949851978e-10,
                    0.9856377552971632,
                    -0.16887337070352149,
                    369.1921494838134
                ],
                [
                    1.2863071217507717e-10,
                    -0.1688733707035215,
                    -0.9856377552971632,
                    2222.9892924973788
                ],
                [
                    0.0,
                    0.0,
                    0.0,
                    1.0
                ]
            ],
            "frame_id": 0
        },
        {
            "file_path": "images/frame_0001.jpg",
            "transform_matrix": [
                [
                    -0.9924551064538503,
                    -0.1208414085606009,
                    0.020741640503266517,
                    -46.14281866436778
                ],
                [
                    -0.12260857096331998,
                    0.9781509433617986,
                    -0.16789243677651486,
                    367.0375614033986
                ],
                [
                    -9.667839571484723e-08,
                    -0.16916880911537283,
                    -0.9855870910388778,
                    2222.9892504957083
                ],
                [
                    0.0,
                    0.0,
                    0.0,
                    1.0
                ]
            ],
            "frame_id": 1
        },
        {
            "file_path": "images/frame_0002.jpg",
            "transform_matrix": [
                [
                    -0.9722218619121452,
                    -0.23066313824705764,
                    0.039738745250708224,
                    -88.41406370385283
                ],
                [
                    -0.23406121254929832,
                    0.9581073884592777,
                    -0.16506235476235978,
                    360.8048060386112
                ],
                [
                    -1.8467686946911716e-07,
                    -0.16977852877723296,
                    -0.9854822429481945,
                    2222.989161765702
                ],
                [
                    0.0,
                    0.0,
                    0.0,
                    1.0
                ]
            ],
            "frame_id": 2
        },
        {
            "file_path": "images/frame_0003.jpg",
            "transform_matrix": [
                [
                    -0.9416345157191506,
                    -0.33170902674356173,
                    0.057389549424956575,
                    -127.70068894909281
                ],
                [
                    -0.3366369540117215,
                    0.9278503453807698,
                    -0.16052818372639716,
                    350.7993054042364
                ],
                [
                    -2.656663978512597e-07,
                    -0.17047832165300347,
                    -0.9853614270136132,
                    2222.9890566776303
                ],
                [
                    0.0,
                    0.0,
                    0.0,
                    1.0
                ]
            ],
            "frame_id": 3
        },
        {
            "file_path": "images/frame_0004.jpg",
            "transform_matrix": [
                [
                    -0.9022370039403953,
                    -0.4248780957053073,
                    0.07380374320108016,
                    -164.24400142199775
                ],
                [
                    -0.4312405230501227,
                    0.8889257337133284,
                    -0.15441065773345208,
                    337.2793027791612
                ],
                [
                    -3.4036141707425887e-07,
                    -0.17114217403098636,
                    -0.9852463429355278,
                    2222.9889526156458
                ],
                [
                    0.0,
                    0.0,
                    0.0,
                    1.0
                ]
            ],
            "frame_id": 4
        },
        {
            "file_path": "images/frame_0005.jpg",
            "transform_matrix": [
                [
                    -0.8550804495387113,
                    -0.5107959252888414,
                    0.08902217434432558,
                    -198.13058591552064
                ],
                [
                    -0.5184953469574318,
                    0.8423830266702796,
                    -0.14681080192312587,
                    320.46329982665543
                ],
                [
                    -4.092542223174043e-07,
                    -0.17169262967913138,
                    -0.9851505676360832,
                    2222.988860572647
                ],
                [
                    0.0,
                    0.0,
                    0.0,
                    1.0
                ]
            ],
            "frame_id": 5
        },
        {
            "file_path": "images/frame_0006.jpg",
            "transform_matrix": [
                [
                    -0.8008571080722009,
                    -0.5899220647116584,
                    0.10305265652357155,
                    -229.3730847632954
                ],
                [
                    -0.5988554854470381,
                    0.7889104659767012,
                    -0.13781285942326468,
                    300.5354689432661
                ],
                [
                    -4.7270335795921367e-07,
                    -0.1720820567019068,
                    -0.9850826187488126,
                    2222.988787543896
                ],
                [
                    0.0,
                    0.0,
                    0.0,
                    1.0
                ]
            ],
            "frame_id": 6
        },
        {
            "file_path": "images/frame_0007.jpg",
            "transform_matrix": [
                [
                    -0.739983969761313,
                    -0.6625670216523587,
                    0.115882122499597,
                    -257.9379073604246
                ],
                [
                    -0.6726245048286651,
                    0.7289194236441203,
                    -0.12748627117582867,
                    277.6493895112726
                ],
                [
                    -5.309485298236397e-07,
                    -0.17228295229954305,
                    -0.9850475035990254,
                    2222.9887377483865
                ],
                [
                    0.0,
                    0.0,
                    0.0,
                    1.0
                ]
            ],
            "frame_id": 7
        },
        {
            "file_path": "images/frame_0008.jpg",
            "transform_matrix": [
                [
                    -0.6726576662439029,
                    -0.7288896289153808,
                    0.12748165712330825,
                    -283.7568828661682
                ],
                [
                    -0.7399538256154671,
                    0.6625998547405922,
                    -0.11588687783688566,
                    251.93024342158435
                ],
                [
                    -5.841093045614839e-07,
                    -0.17228273667824295,
                    -0.9850475413107299,
                    2222.988713256695
                ],
                [
                    0.0,
                    0.0,
                    0.0,
                    1.0
                ]
            ],
            "frame_id": 8
        },
        {
            "file_path": "images/frame_0009.jpg",
            "transform_matrix": [
                [
                    -0.5988898869311662,
                    -0.7888850967855077,
                    0.13780858972246798,
                    -306.73227442015985
                ],
                [
                    -0.8008313825838593,
                    0.5899561698955572,
                    -0.10305733487233776,
                    223.47536084684975
                ],
                [
                    -6.321761549712513e-07,
                    -0.1720814390684975,
                    -0.9850827266416337,
                    2222.988714294698
                ],
                [
                    0.0,
                    0.0,
                    0.0,
                    1.0
                ]
            ],
            "frame_id": 9
        },
        {
            "file_path": "images/frame_0010.jpg",
            "transform_matrix": [
                [
                    -0.5185289432817061,
                    -0.8423629988670918,
                    0.14680706086151632,
                    -326.73837855607513
                ],
                [
                    -0.8550600768242552,
                    0.510829266143727,
                    -0.08902654588581764,
                    192.35262687883426
                ],
                [
                    -6.749934498590756e-07,
                    -0.17169169750078458,
                    -0.9851507300960819,
                    2222.988739218923
                ],
                [
                    0.0,
                    0.0,
                    0.0,
                    1.0
                ]
            ],
            "frame_id": 10
        },
        {
            "file_path": "images/frame_0011.jpg",
            "transform_matrix": [
                [
                    -0.43127112885730445,
                    -0.8889114152808756,
                    0.15440760731744113,
                    -343.62097709144626
                ],
                [
                    -0.9022223747024006,
                    0.4249084950268964,
                    -0.07380757034572386,
                    158.59548659141797
                ],
                [
                    -7.122314977650457e-07,
                    -0.17114107232727271,
                    -0.9852465343060913,
                    2222.9887842506596
                ],
                [
                    0.0,
                    0.0,
                    0.0,
                    1.0
                ]
            ],
            "frame_id": 11
        },
        {
            "file_path": "images/frame_0012.jpg",
            "transform_matrix": [
                [
                    -0.33666239760258154,
                    -0.9278414983898549,
                    0.16052596022497354,
                    -357.1951328119165
                ],
                [
                    -0.9416254191768233,
                    0.33173432216738985,
                    -0.057392590603785466,
                    122.19133706649382
                ],
                [
                    -7.433432092748251e-07,
                    -0.1704772517428966,
                    -0.9853616121189399,
                    2222.9888428136437
                ],
                [
                    0.0,
                    0.0,
                    0.0,
                    1.0
                ]
            ],
            "frame_id": 12
        },
        {
            "file_path": "images/frame_0013.jpg",
            "transform_matrix": [
                [
                    -0.23407952208517313,
                    -0.9581031374799172,
                    0.16506106534103007,
                    -367.241438563124
                ],
                [
                    -0.9722174537313079,
                    0.23068137068817043,
                    -0.039740758392851884,
                    83.05392379841624
                ],
                [
                    -7.674980957760843e-07,
                    -0.16977774638793436,
                    -0.9854823777373419,
                    2222.9889043174485
                ],
                [
                    0.0,
                    0.0,
                    0.0,
                    1.0
                ]
            ],
            "frame_id": 13
        },
        {
            "file_path": "images/frame_0014.jpg",
            "transform_matrix": [
                [
                    -0.12261819428401002,
                    -0.9781497851090452,
                    0.1678921568199582,
                    -373.5005851883859
                ],
                [
                    -0.9924539175346707,
                    0.12085104487969278,
                    -0.02074238466453508,
                    40.94286807336016
                ],
                [
                    -7.834765329656364e-07,
                    -0.16916862251202242,
                    -0.985587123067652,
                    2222.9889516937565
                ],
                [
                    0.0,
                    0.0,
                    0.0,
                    1.0
                ]
            ],
            "frame_id": 14
        },
        {
            "file_path": "images/frame_0015.jpg",
            "transform_matrix": [
                [
                    7.481630085008686e-10,
                    -0.9856376219608165,
                    0.16887414892584066,
                    -375.6659132429574
                ],
                [
                    -0.9999999999996885,
                    1.325777239829661e-07,
                    7.782230519261325e-07,
                    -5.025398877886346
                ],
                [
                    -7.894348686367241e-07,
                    -0.16887414892578867,
                    -0.9856376219605092,
                    2222.9889544542493
                ],
                [
                    0.0,
                    0.0,
                    0.0,
                    1.0
                ]
            ],
            "frame_id": 15
        },
        {
            "file_path": "images/frame_0016.jpg",
            "transform_matrix": [
                [
                    0.12261115501989961,
                    -0.9781503188152636,
                    0.1678941883040765,
                    -373.50521007319105
                ],
                [
                    -0.9924547872140435,
                    -0.12084380001661248,
                    0.020742982752551455,
                    -50.99155494755746
                ],
                [
                    -7.834772183742923e-07,
                    -0.169170712001645,
                    -0.9855867644201817,
                    2222.9888788503117
                ],
                [
                    0.0,
                    0.0,
                    0.0,
                    1.0
                ]
            ],
            "frame_id": 16
        },
        {
            "file_path": "images/frame_0017.jpg",
            "transform_matrix": [
                [
                    0.23406516754450427,
                    -0.9581059836982874,
                    0.1650649003995099,
                    -367.2501518212656
                ],
                [
                    -0.9722209097431375,
                    -0.23066682175307004,
                    0.03974065928697328,
                    -93.10109543348335
                ],
                [
                    -7.675008221145818e-07,
                    -0.16978145170740644,
                    -0.9854817393820833,
                    2222.988764780441
                ],
                [
                    0.0,
                    0.0,
                    0.0,
                    1.0
                ]
            ],
            "frame_id": 17
        },
        {
            "file_path": "images/frame_0018.jpg",
            "transform_matrix": [
                [
                    0.33664128719836944,
                    -0.9278482237731088,
                    0.1605313595361108,
                    -357.20737356286804
                ],
                [
                    -0.9416329665813918,
                    -0.3317129972434355,
                    0.057392017797809114,
                    -132.23749537649542
                ],
                [
                    -7.43349165011984e-07,
                    -0.17048214305569825,
                    -0.9853607658612068,
                    2222.9886413344375
                ],
                [
                    0.0,
                    0.0,
                    0.0,
                    1.0
                ]
            ],
            "frame_id": 18
        },
        {
            "file_path": "images/frame_0019.jpg",
            "transform_matrix": [
                [
                    0.4312444691009073,
                    -0.8889231861438396,
                    0.15441430311263696,
                    -343.63612245656486
                ],
                [
                    -0.9022351178431093,
                    -0.424881583526348,
                    0.07380672131163633,
                    -168.64106756404362
                ],
                [
                    -7.122415554299685e-07,
                    -0.1711467473136068,
                    -0.9852455485225321,
                    2222.988525196596
                ],
                [
                    0.0,
                    0.0,
                    0.0,
                    1.0
                ]
            ],
            "frame_id": 19
        },
        {
            "file_path": "images/frame_0020.jpg",
            "transform_matrix": [
                [
                    0.5184983831261557,
                    -0.8423804681148729,
                    0.1468147595922493,
                    -326.7557510912906
                ],
                [
                    -0.8550786084887789,
                    -0.5107984113520888,
                    0.08902559331493241,
                    -202.398005019979
                ],
                [
                    -6.750080772809275e-07,
                    -0.1716977865283943,
                    -0.9851496688832588,
                    2222.988426818802
                ],
                [
                    0.0,
                    0.0,
                    0.0,
                    1.0
                ]
            ],
            "frame_id": 20
        },
        {
            "file_path": "images/frame_0021.jpg",
            "transform_matrix": [
                [
                    0.5988573288840136,
                    -0.7889083473088326,
                    0.13781697714124627,
                    -306.7511549485034
                ],
                [
                    -0.8008557296052171,
                    -0.5899232774966452,
                    0.10305642641830458,
                    -233.5208504398031
                ],
                [
                    -6.321953747455426e-07,
                    -0.17208761202963613,
                    -0.985081648283805,
                    2222.988352752011
                ],
                [
                    0.0,
                    0.0,
                    0.0,
                    1.0
                ]
            ],
            "frame_id": 21
        },
        {
            "file_path": "images/frame_0022.jpg",
            "transform_matrix": [
                [
                    0.6726250944653138,
                    -0.728918156712411,
                    0.1274904039938265,
                    -283.7765243407738
                ],
                [
                    -0.7399834337978026,
                    -0.6625669183705966,
                    0.11588613543347048,
                    -261.97609895192056
                ],
                [
                    -5.84132678104329e-07,
                    -0.17228870971677906,
                    -0.9850464966202288,
                    2222.9883068239947
                ],
                [
                    0.0,
                    0.0,
                    0.0,
                    1.0
                ]
            ],
            "frame_id": 22
        },
        {
            "file_path": "images/frame_0023.jpg",
            "transform_matrix": [
                [
                    0.7399532917402243,
                    -0.6625997491196691,
                    0.11589089053656339,
                    -257.9575488347098
                ],
                [
                    -0.6726582535303676,
                    -0.7288883640588502,
                    0.1274857901771353,
                    -287.6958058104909
                ],
                [
                    -5.309751736412857e-07,
                    -0.17228849412007868,
                    -0.9850465343289896,
                    2222.9882907728675
                ],
                [
                    0.0,
                    0.0,
                    0.0,
                    1.0
                ]
            ],
            "frame_id": 23
        },
        {
            "file_path": "images/frame_0024.jpg",
            "transform_matrix": [
                [
                    0.8008300058004002,
                    -0.5899573802745469,
                    0.10306110454155377,
                    -229.3919652904105
                ],
                [
                    -0.5988917279521466,
                    -0.7888829797862577,
                    0.13781270766532125,
                    -310.582581134111
                ],
                [
                    -4.7273197093683535e-07,
                    -0.17208699446253609,
                    -0.9850817561688107,
                    2222.9883045267406
                ],
                [
                    0.0,
                    0.0,
                    0.0,
                    1.0
                ]
            ],
            "frame_id": 24
        },
        {
            "file_path": "images/frame_0025.jpg",
            "transform_matrix": [
                [
                    0.8550582369914081,
                    -0.5108317499409577,
                    0.08902996464901243,
                    -198.14795845072877
                ],
                [
                    -0.5185319771749647,
                    -0.8423604415118642,
                    0.14681101873823926,
                    -330.5111830819976
                ],
                [
                    -4.0928314173169176e-07,
                    -0.1716968544505011,
                    -0.9851498313310704,
                    2222.988346196584
                ],
                [
                    0.0,
                    0.0,
                    0.0,
                    1.0
                ]
            ],
            "frame_id": 25
        },
        {
            "file_path": "images/frame_0026.jpg",
            "transform_matrix": [
                [
                    0.9022204893679702,
                    -0.424911980918173,
                    0.07381054827607686,
                    -164.25914678647666
                ],
                [
                    -0.4312750729691029,
                    -0.8889088684560477,
                    0.15441125287907134,
                    -347.32797164543024
                ],
                [
                    -3.4038869515376784e-07,
                    -0.17114564573013158,
                    -0.9852457398778748,
                    2222.988411801137
                ],
                [
                    0.0,
                    0.0,
                    0.0,
                    1.0
                ]
            ],
            "frame_id": 26
        },
        {
            "file_path": "images/frame_0027.jpg",
            "transform_matrix": [
                [
                    0.9416238704216138,
                    -0.33173829123826937,
                    0.057395058833782986,
                    -127.71292969776044
                ],
                [
                    -0.33666672935137143,
                    -0.9278393771477045,
                    0.1605291361778619,
                    -360.8487124724712
                ],
                [
                    -2.656899063168589e-07,
                    -0.1704810732617358,
                    -0.9853609509512015,
                    2222.9884946191237
                ],
                [
                    0.0,
                    0.0,
                    0.0,
                    1.0
                ]
            ],
            "frame_id": 27
        },
        {
            "file_path": "images/frame_0028.jpg",
            "transform_matrix": [
                [
                    0.9722165017021502,
                    -0.23068505329641287,
                    0.03974267232665901,
                    -88.42277696104577
                ],
                [
                    -0.23408347617463068,
                    -0.9581017328448747,
                    0.16506361107660755,
                    -370.8548392029179
                ],
                [
                    -1.846944475601966e-07,
                    -0.16978066940991735,
                    -0.9854818741583665,
                    2222.9885839974845
                ],
                [
                    0.0,
                    0.0,
                    0.0,
                    1.0
                ]
            ],
            "frame_id": 28
        },
        {
            "file_path": "images/frame_0029.jpg",
            "transform_matrix": [
                [
                    0.9924535983197204,
                    -0.12085343593873962,
                    0.020743726859948516,
                    -46.147443548011324
                ],
                [
                    -0.12262077793844664,
                    -0.9781491605782076,
                    0.16789390840026905,
                    -377.0880381652196
                ],
                [
                    -9.668803431211173e-08,
                    -0.16917052545271813,
                    -0.9855867964405987,
                    2222.988662945854
                ],
                [
                    0.0,
                    0.0,
                    0.0,
                    1.0
                ]
            ],
            "frame_id": 29
        },
        {
            "file_path": "images/frame_0030.jpg",
            "transform_matrix": [
                [
                    1.0000000000000002,
                    7.616994403814556e-10,
                    1.3211404293781253e-16,
                    -1.0089706847793423e-10
                ],
                [
                    7.507594855387368e-10,
                    -0.9856374886233498,
                    0.16887492715100266,
                    -379.2428015130828
                ],
                [
                    1.2863205999762622e-10,
                    -0.16887492715100272,
                    -0.9856374886233498,
                    2222.988701569529
                ],
                [
                    0.0,
                    0.0,
                    0.0,
                    1.0
                ]
            ],
            "frame_id": 30
        },
        {
            "file_path": "images/frame_0031.jpg",
            "transform_matrix": [
                [
                    0.9924535981356124,
                    0.1208534374506311,
                    -0.020743726860014407,
                    46.14744354820027
                ],
                [
                    0.12262077942855802,
                    -0.978149160391316,
                    0.16789390840080062,
                    -377.08803816528825
                ],
                [
                    9.69457483155488e-08,
                    -0.16917052545325353,
                    -0.9855867964405065,
                    2222.9886629459334
                ],
                [
                    0.0,
                    0.0,
                    0.0,
                    1.0
                ]
            ],
            "frame_id": 31
        },
        {
            "file_path": "images/frame_0032.jpg",
            "transform_matrix": [
                [
                    0.9722165013507248,
                    0.23068505477746074,
                    -0.03974267232680708,
                    88.4227769609742
                ],
                [
                    0.2340834776342017,
                    -0.9581017324881661,
                    0.16506361107722264,
                    -370.8548392029568
                ],
                [
                    1.8495309115228402e-07,
                    -0.16978066941054973,
                    -0.9854818741582573,
                    2222.9885839975295
                ],
                [
                    0.0,
                    0.0,
                    0.0,
                    1.0
                ]
            ],
            "frame_id": 32
        },
        {
            "file_path": "images/frame_0033.jpg",
            "transform_matrix": [
                [
                    0.9416238699180415,
                    0.33173829266774635,
                    -0.057395058833140895,
                    127.71292969557169
                ],
                [
                    0.3366667307598128,
                    -0.9278393766364937,
                    0.16052913617876977,
                    -360.8487124727625
                ],
                [
                    2.6594961698699694e-07,
                    -0.17048107326237413,
                    -0.9853609509510907,
                    2222.988494619462
                ],
                [
                    0.0,
                    0.0,
                    0.0,
                    1.0
                ]
            ],
            "frame_id": 33
        },
        {
            "file_path": "images/frame_0034.jpg",
            "transform_matrix": [
                [
                    0.9022204887217583,
                    0.424911982290322,
                    -0.07381054827584561,
                    164.2591467851289
                ],
                [
                    0.43127507432096707,
                    -0.8889088678000671,
                    0.15441125287959837,
                    -347.32797164519855
                ],
                [
                    3.406494181893808e-07,
                    -0.17114564573050695,
                    -0.9852457398778093,
                    2222.9884118008677
                ],
                [
                    0.0,
                    0.0,
                    0.0,
                    1.0
                ]
            ],
            "frame_id": 34
        },
        {
            "file_path": "images/frame_0035.jpg",
            "transform_matrix": [
                [
                    0.8550582362144552,
                    0.5108317512416104,
                    -0.08902996464817017,
                    198.14795844992574
                ],
                [
                    0.5185319784561576,
                    -0.8423604407233026,
                    0.14681101873764735,
                    -330.5111830822932
                ],
                [
                    4.095447047440381e-07,
                    -0.17169685444955762,
                    -0.9851498313312345,
                    2222.9883461969275
                ],
                [
                    0.0,
                    0.0,
                    0.0,
                    1.0
                ]
            ],
            "frame_id": 35
        },
        {
            "file_path": "images/frame_0036.jpg",
            "transform_matrix": [
                [
                    0.8008300049030067,
                    0.5899573814928994,
                    -0.1030611045404223,
                    229.39196528903864
                ],
                [
                    0.5988917291521287,
                    -0.7888829788754256,
                    0.1378127076644543,
                    -310.58258113389206
                ],
                [
                    4.729941278708521e-07,
                    -0.17208699446116335,
                    -0.9850817561690501,
                    2222.988304526486
                ],
                [
                    0.0,
                    0.0,
                    0.0,
                    1.0
                ]
            ],
            "frame_id": 36
        },
        {
            "file_path": "images/frame_0037.jpg",
            "transform_matrix": [
                [
                    0.7399532907322166,
                    0.6625997502453788,
                    -0.11589089053642325,
                    257.9575488336145
                ],
                [
                    0.6726582546392198,
                    -0.7288883630354747,
                    0.12748579017751227,
                    -287.6958058103738
                ],
                [
                    5.312376374688984e-07,
                    -0.1722884941202625,
                    -0.9850465343289575,
                    2222.988290772731
                ],
                [
                    0.0,
                    0.0,
                    0.0,
                    1.0
                ]
            ],
            "frame_id": 37
        },
        {
            "file_path": "images/frame_0038.jpg",
            "transform_matrix": [
                [
                    0.6726250933604518,
                    0.7289181577319965,
                    -0.1274904039935411,
                    283.77652434076276
                ],
                [
                    0.7399834348020924,
                    -0.662566917248701,
                    0.11588613543496462,
                    -261.9760989554103
                ],
                [
                    5.84395142964163e-07,
                    -0.17228870971757188,
                    -0.9850464966200901,
                    2222.9883068237664
                ],
                [
                    0.0,
                    0.0,
                    0.0,
                    1.0
                ]
            ],
            "frame_id": 38
        },
        {
            "file_path": "images/frame_0039.jpg",
            "transform_matrix": [
                [
                    0.598857327684885,
                    0.7889083482189613,
                    -0.13781697714196334,
                    306.7511549463478
                ],
                [
                    0.8008557305018914,
                    -0.5899232762791368,
                    0.10305642641956325,
                    -233.5208504390016
                ],
                [
                    6.324575327094342e-07,
                    -0.17208761203096312,
                    -0.9850816482835728,
                    2222.9883527510797
                ],
                [
                    0.0,
                    0.0,
                    0.0,
                    1.0
                ]
            ],
            "frame_id": 39
        },
        {
            "file_path": "images/frame_0040.jpg",
            "transform_matrix": [
                [
                    0.518498381841627,
                    0.8423804689055889,
                    -0.14681475959185397,
                    326.7557510926062
                ],
                [
                    0.8550786092676848,
                    -0.5107984100482897,
                    0.08902559331439965,
                    -202.39800501972002
                ],
                [
                    6.752696414081031e-07,
                    -0.17169778652777892,
                    -0.9851496688833656,
                    2222.9884268185015
                ],
                [
                    0.0,
                    0.0,
                    0.0,
                    1.0
                ]
            ],
            "frame_id": 40
        },
        {
            "file_path": "images/frame_0041.jpg",
            "transform_matrix": [
                [
                    0.43124446774562386,
                    0.8889231868011321,
                    -0.15441430311377685,
                    343.63612245764057
                ],
                [
                    0.9022351184908987,
                    -0.4248815821507143,
                    0.07380672131194992,
                    -168.6410675640136
                ],
                [
                    7.125022801372907e-07,
                    -0.17114674731476953,
                    -0.98524554852233,
                    2222.9885251965616
                ],
                [
                    0.0,
                    0.0,
                    0.0,
                    1.0
                ]
            ],
            "frame_id": 41
        },
        {
            "file_path": "images/frame_0042.jpg",
            "transform_matrix": [
                [
                    0.3366412857848867,
                    0.927848224286242,
                    -0.1605313595344101,
                    357.20737356245337
                ],
                [
                    0.941632967086723,
                    -0.33171299580905855,
                    0.057392017797200996,
                    -132.23749537636513
                ],
                [
                    7.436088770909278e-07,
                    -0.17048214305389092,
                    -0.9853607658615194,
                    2222.9886413342865
                ],
                [
                    0.0,
                    0.0,
                    0.0,
                    1.0
                ]
            ],
            "frame_id": 42
        },
        {
            "file_path": "images/frame_0043.jpg",
            "transform_matrix": [
                [
                    0.23406516608492747,
                    0.9581059840546647,
                    -0.165064900400653,
                    367.25015182111963
                ],
                [
                    0.9722209100945348,
                    -0.23066682027194324,
                    0.03974065928724861,
                    -93.10109543312478
                ],
                [
                    7.677594668628345e-07,
                    -0.16978145170858094,
                    -0.9854817393818807,
                    2222.9887647800247
                ],
                [
                    0.0,
                    0.0,
                    0.0,
                    1.0
                ]
            ],
            "frame_id": 43
        },
        {
            "file_path": "images/frame_0044.jpg",
            "transform_matrix": [
                [
                    0.12261115353048249,
                    0.9781503190020315,
                    -0.16789418830367056,
                    373.50521007147194
                ],
                [
                    0.9924547873980508,
                    -0.12084379850540222,
                    0.020742982752620993,
                    -50.99155494741012
                ],
                [
                    7.837349330313219e-07,
                    -0.16917071200124942,
                    -0.9855867644202493,
                    2222.9888788501403
                ],
                [
                    0.0,
                    0.0,
                    0.0,
                    1.0
                ]
            ],
            "frame_id": 44
        },
        {
            "file_path": "images/frame_0045.jpg",
            "transform_matrix": [
                [
